q[nm-1]	I(q)[sr-1]_rebin(no_smoothing,TAPBdmpdaStandardLowQ_eiger2_18247_sub.dat_00001_[sub(TAPBdmpdaStandardLowQ_eiger2_18247_ave.h5_00001_[AN_3_30_36_RXN_90C]-TAPBdmpdaStandardLowQ_eiger2_18148_av_ave.h5_00001_[AN_3_30_36_PRM_90C])],1,0.0050)	error
0.00010925045900000001	282603.0	2748.15381
0.000124358176	-1107.5	1132.52649
0.000139465882	-130125.625	606.34314
0.00015457359800000002	-20195.3438	350.634521
0.000169681304	-3501.46875	223.900528
0.000184789021	863.445312	158.603409
0.00019989672600000002	3337.85547	120.769341
0.000215004431	3824.84766	95.5530167
0.00023011216	4030.16016	78.2621231
0.00024521986500000004	4062.50586	65.3220825
0.00026032757000000003	3977.84082	55.6628761
0.000275435275	3887.46484	48.3550262
0.000290542981	3549.88867	41.2353706
0.000305650709	3602.28955	35.8530617
0.00032075841400000006	3637.07617	31.6898232
0.00033586612	3579.10156	28.7887135
0.00035097382500000004	3478.70532	26.6382656
0.00036608155400000004	3415.64307	24.7510529
0.00038118925900000003	3358.00195	23.1477013
0.00039629698700000004	3204.99487	21.6370068
0.00041140466900000007	3131.1543	20.4766788
0.0004265123980000001	3081.13428	19.4848709
0.00044162008	2964.7334	18.4947758
0.000456727808	2947.36865	17.7949123
0.000471835537	2902.89429	17.0494003
0.00048694321900000004	2804.46924	16.3495998
0.000502050947	2691.38525	15.6409349
0.000517158676	2650.25928	15.0926781
0.0005322663580000001	2589.68213	14.5246639
0.0005473740860000001	2484.77905	13.8691006
0.000562481768	2419.54785	13.3749218
0.000577589497	2289.08862	12.792325
0.0005926972260000001	2220.91992	12.362875
0.000607804907	2200.14087	12.0282259
0.000622912636	2116.53174	11.5812674
0.000638020318	2008.20605	11.0888729
0.000653128047	1948.33569	10.7691097
0.000668235775	1870.67212	10.3929443
0.000683343457	1805.55139	10.0628672
0.000698451186	1727.9436	9.7088232
0.000713558914	1665.24121	9.40630817
0.000728666596	1601.51282	9.10533142
0.000743774325	1537.23169	8.80754089
0.0007588820070000001	1463.36475	8.49700451
0.0007739897350000001	1402.72095	8.21298599
0.0007890974170000001	1365.54297	8.01700878
0.000804205146	1308.60742	7.76605129
0.000819312874	1240.56384	7.46962214
0.0008344206030000001	1196.3468	7.26275921
0.0008495283310000001	1146.93823	7.04095697
0.0008646359669999999	1111.26904	6.86723757
0.0008797436949999999	1070.28125	6.67064857
0.000894851424	1017.50446	6.43838692
0.000909959152	965.304077	6.22268295
0.0009250668809999999	932.379333	6.06654787
0.0009401745160000001	884.36792	5.85185671
0.000955282245	847.160645	5.69182301
0.000970389973	817.90564	5.53609467
0.0009854977020000001	775.648926	5.34758234
0.00100060543	742.972046	5.20256567
0.00101571307	716.896729	5.06648397
0.00103082079	687.972961	4.92194748
0.00104592852	661.296753	4.79611826
0.00106103625	621.587646	4.61120367
0.00107614398	602.8703	4.51136589
0.00109125171	572.207397	4.36275339
0.00110635934	547.296265	4.22899914
0.00112146707	531.277161	4.14337587
0.0011365748	502.410706	4.00782728
0.00115168253	479.180542	3.88707042
0.00116679026	454.916351	3.75896764
0.0011818978900000002	437.783081	3.67217231
0.0011970056200000002	421.075409	3.58097649
0.0012121133500000002	404.396301	3.48595262
0.0012272210800000002	389.892883	3.40537667
0.0012423288100000002	370.43042	3.29672146
0.00125743644	350.517883	3.19295883
0.00127254417	337.390259	3.11732793
0.0012876519	328.006317	3.05240059
0.00130275963	309.836884	2.95525455
0.00131786736	297.986603	2.89016962
0.0013329749900000002	279.661255	2.778234
0.0013480827200000002	272.515381	2.73893428
0.0013631904500000002	267.943604	2.6966064
0.0013782981800000002	254.512543	2.61366558
0.0013934059100000002	242.811462	2.54444528
0.0014085136400000002	232.054855	2.47675037
0.0014236212700000001	222.249924	2.41283822
0.0014387290000000001	216.404297	2.36927652
0.0014538367300000001	204.278351	2.29089499
0.0014689444600000001	199.819214	2.26421571
0.00148405218	189.016495	2.18729258
0.00149915982	182.644058	2.14482999
0.00151426755	174.394577	2.08695507
0.00152937528	171.936996	2.06458998
0.00154448301	165.730835	2.01784492
0.0015595907300000001	159.294312	1.97058749
0.0015746984600000001	154.102966	1.94013131
0.0015898061900000001	149.998795	1.90223217
0.0016049139200000001	143.867706	1.85278606
0.00162002146	138.42038	1.82039869
0.00163512919	132.197205	1.77539587
0.00165023692	129.394226	1.74368501
0.00166534465	125.46611	1.70942569
0.00168045238	117.838631	1.65681446
0.00169556011	113.213531	1.62540984
0.00171066783	108.743698	1.58694017
0.00172577556	106.5355	1.56392479
0.00174088329	103.962982	1.54033566
0.00175599102	101.093727	1.51168132
0.00177109856	99.7412567	1.498155
0.00178620629	95.1084137	1.4598608
0.00180131402	92.2424927	1.43658042
0.00181642175	88.8801422	1.40304554
0.00183152948	86.3639069	1.38467467
0.0018466372000000002	83.7745972	1.35357392
0.0018617449300000002	81.9568634	1.33737361
0.0018768526600000002	78.1088181	1.32237685
0.0018919603900000002	77.1471405	1.32471204
0.0019070681200000002	73.979126	1.30347943
0.0019221758500000002	71.6561737	1.29077458
0.00193728339	71.2383804	1.28941762
0.0019674988500000003	66.961469	0.724588797
0.00201282203	61.9010264	0.70140624
0.00205814522	57.285389	0.669878225
0.0021034682200000003	51.9239019	0.625973532
0.0021487914000000003	48.958772	0.601073046
0.0021941145900000003	44.6156642	0.569575505
0.00223943777	41.8904292	0.549747549
0.0022847607700000002	39.3642184	0.5299161
0.0023300839600000002	35.861304	0.504765873
0.0023754071400000003	34.1254806	0.490261127
0.00242073014	31.6604335	0.471264629
0.00246605333	30.7140999	0.461968515
0.00251137652	28.6374906	0.445286068
0.0025566997	26.432106	0.428234372
0.0026020227	25.1596464	0.416442536
0.00266245361	23.586972	0.312276434
0.0027379920700000004	21.0837982	0.29667902
0.00281353071	19.4003029	0.292563521
0.00288906917	18.3189629	0.288553348
0.0029646078100000004	16.9921638	0.281325236
0.0030401462700000003	15.0354624	0.271202147
0.0031156849100000003	13.9769096	0.264562035
0.0031912233700000002	13.2635782	0.25942758
0.0032667622000000004	11.9106554	0.251952386
0.00334230065	11.1289925	0.243227608
0.0034178391099999998	10.4587843	0.230640606
0.0034933775700000005	10.1933418	0.223221605
0.0035689164000000002	9.22648449	0.214415785
0.00364445485	8.5725832	0.207701134
0.00371999331	7.95687218	0.201738693
0.0037955317600000004	7.39932575	0.196172565
0.0038710705900000006	6.81473541	0.190967119
0.00396171659	6.56990957	0.158432012
0.00406747088	6.32785668	0.154277962
0.00417322479	5.527671	0.148368257
0.00427897871	4.99614184	0.143336331
0.004384732620000001	4.74335936	0.139510164
0.00449048653	4.37491539	0.135409332
0.00459624045	3.88270967	0.130849005
0.004701994730000001	3.65071818	0.127750991
0.004807748650000001	3.35206968	0.124765621
0.0049135025600000005	3.19927168	0.122164886
0.0050192564700000004	2.88585513	0.121264649
0.00512501039	2.65663253	0.121652157
0.0052307643	2.45851197	0.120900632
0.00535162613	2.2917356	0.105879929
0.0054875955	2.02182077	0.104174675
0.00562356487	1.92279545	0.100771265
0.00575953424	1.69228943	0.0968459471
0.00589550361	1.62116733	0.0950400804
0.006031472980000001	1.46597795	0.0930526804
0.00616744235	1.32695483	0.0908238181
0.006303411720000001	1.23690807	0.0891333606
0.006439381090000001	1.1733028	0.0875732861
0.00659045875	1.04069584	0.077714021
0.006756643210000001	0.971078932	0.0763700414
0.00692282841	0.944874303	0.0753717398
0.0070890128600000005	0.814748385	0.0739302978
0.00725519732	0.724737173	0.0729069594
0.00742138252	0.712430228	0.071761471
0.00758756697	0.663760906	0.0705701011
0.00775375217	0.606026259	0.0693089183
0.00793504491	0.543619619	0.0626028824
0.0081314452	0.471241231	0.0614208686
0.00832784548	0.484571989	0.0605243886
0.00852424502	0.416296594	0.0595171187
0.00872064531	0.367563809	0.0586396841
0.00891704559	0.386682446	0.0579252863
0.00911344588	0.316170757	0.0570656679
0.00932495371	0.31665144	0.0524226426
0.009551569820000001	0.25024583	0.0515392518
0.00977818519	0.27297983	0.0508936443
0.010004801300000001	0.225360811	0.050151025
0.0102314167	0.204381947	0.0494880913
0.010458032	0.187318613	0.0488640302
0.0106997557	0.198205999	0.0453299021
0.0109565869	0.153668355	0.0446438228
0.0112134181	0.16361162	0.0450591087
0.0114702493	0.139427608	0.045397705
0.0117270797	0.16595483	0.0448554173
0.0119990192	0.118554146	0.0410998403
0.0122860655	0.114744132	0.0403028714
0.0125731125	0.106197116	0.0396141573
0.0128601581	0.0913496864	0.038985056
0.013162311900000001	0.0929115401	0.0365207513
0.013479574000000001	0.0783459999	0.0368735399
0.013796836100000001	0.0817784156	0.0379271563
0.0141140983	0.0780150904	0.0389378536
0.014446468700000001	0.0731654303	0.0378486607
0.0147939458	0.0709247479	0.0381528081
0.015141423000000001	0.0754024263	0.038535701
0.0154889002	0.0614675866	0.0388437711
0.0158514857	0.0603763407	0.0375443897
0.016229178	0.0709110826	0.0377816045
0.016606870300000003	0.0585308582	0.0379246663
0.0169845641	0.0706761998	0.0381029701
0.0173773646	0.0562005463	0.0367594274
0.017785272	0.0584229168	0.0380404501
0.0181931809	0.0470005886	0.0395095679
0.0186161965	0.0455827713	0.0392474855
0.0190543205	0.0443813202	0.0405044095
0.019492442900000004	0.0521185218	0.0429802929
0.0199456751	0.0278931628	0.0461497507
0.0204140142	0.0185399409	0.0504393913
0.020882353200000002	0.0304789246	0.0549393406
0.021365799	0.0334402341	0.0581696389
0.0218643546	0.0231232575	0.0652576082
0.022362908700000003	0.0107463306	0.0730579767
0.022876571100000003	0.0166092091	0.0798624512
0.0234053403	0.00840535526	0.0928527241
0.023949217800000002	0.00973084378	0.107067743
0.0245082036	0.0168084878	0.124506284
0.025082296100000002	0.00319038307	0.150253395
0.025671497	0.0364355843	0.225223088
