q[nm-1]	I(q)[sr-1]_rebin(no_smoothing,TAPBdmpdaStandardLowQ_eiger2_18261_sub.dat_00001_[sub(TAPBdmpdaStandardLowQ_eiger2_18261_ave.h5_00001_[AN_3_30_36_RXN_90C]-TAPBdmpdaStandardLowQ_eiger2_18148_av_ave.h5_00001_[AN_3_30_36_PRM_90C])],1,0.0050)	error
0.00010925045900000001	298695.75	2757.29688
0.000124358176	-4498.5	1131.07043
0.000139465882	-132065.0	605.515869
0.00015457359800000002	-21820.0938	349.729095
0.000169681304	-4515.51562	223.226547
0.000184789021	124.015625	158.050171
0.00019989672600000002	2832.30078	120.262115
0.000215004431	3353.10938	95.0219879
0.00023011216	3463.69141	77.512619
0.00024521986500000004	3502.46875	64.5341644
0.00026032757000000003	3590.18555	55.1450577
0.000275435275	3476.4082	47.6804199
0.000290542981	3125.59375	40.5750465
0.000305650709	3061.01514	35.0009346
0.00032075841400000006	2978.87109	30.6011009
0.00033586612	2911.26123	27.6641808
0.00035097382500000004	2868.82544	25.6069794
0.00036608155400000004	2756.22461	23.5635509
0.00038118925900000003	2661.51025	21.8487873
0.00039629698700000004	2630.41675	20.5729256
0.00041140466900000007	2529.27832	19.2902489
0.0004265123980000001	2471.2832	18.2722416
0.00044162008	2421.45312	17.4125595
0.000456727808	2328.39624	16.5228748
0.000471835537	2239.28174	15.6857996
0.00048694321900000004	2169.57593	15.0071802
0.000502050947	2102.41406	14.3875113
0.000517158676	2021.06848	13.7343187
0.0005322663580000001	1939.11902	13.1000118
0.0005473740860000001	1863.46289	12.5158825
0.000562481768	1759.03333	11.8890238
0.000577589497	1657.60767	11.3506241
0.0005926972260000001	1617.09229	10.985878
0.000607804907	1554.10291	10.53549
0.000622912636	1494.29089	10.1296301
0.000638020318	1429.79541	9.71843624
0.000653128047	1386.69739	9.40664101
0.000668235775	1329.65601	9.05414486
0.000683343457	1275.27454	8.74975204
0.000698451186	1210.26721	8.41295528
0.000713558914	1144.93811	8.06715584
0.000728666596	1096.90613	7.79751062
0.000743774325	1050.35327	7.54023886
0.0007588820070000001	1001.11646	7.27810621
0.0007739897350000001	957.853149	7.02120304
0.0007890974170000001	934.88623	6.85587263
0.000804205146	891.606567	6.61768627
0.000819312874	860.212158	6.42342329
0.0008344206030000001	825.03833	6.21651936
0.0008495283310000001	784.999878	6.00644827
0.0008646359669999999	745.38031	5.79808521
0.0008797436949999999	721.110229	5.65460443
0.000894851424	682.291748	5.44052982
0.000909959152	648.303406	5.26370621
0.0009250668809999999	612.264893	5.07108641
0.0009401745160000001	585.123962	4.91778326
0.000955282245	577.023621	4.85325098
0.000970389973	545.379272	4.65896368
0.0009854977020000001	518.723145	4.5132122
0.00100060543	490.975067	4.37188482
0.00101571307	468.239136	4.23032713
0.00103082079	451.193359	4.12015629
0.00104592852	425.975189	3.9787674
0.00106103625	414.257812	3.90192819
0.00107614398	391.358276	3.74991107
0.00109125171	378.320679	3.66090322
0.00110635934	362.128448	3.56103516
0.00112146707	343.225586	3.44545078
0.0011365748	330.034851	3.35160685
0.00115168253	314.844269	3.25730443
0.00116679026	299.040741	3.15563035
0.0011818978900000002	287.691528	3.08330059
0.0011970056200000002	269.66568	2.96778297
0.0012121133500000002	257.427826	2.88371754
0.0012272210800000002	245.209991	2.80082011
0.0012423288100000002	238.445023	2.74817443
0.00125743644	228.016052	2.67474842
0.00127254417	213.208694	2.57074213
0.0012876519	206.28093	2.51865745
0.00130275963	199.44902	2.46869111
0.00131786736	191.964249	2.41027999
0.0013329749900000002	185.628647	2.35595965
0.0013480827200000002	175.21463	2.27786994
0.0013631904500000002	172.574158	2.24817181
0.0013782981800000002	166.231689	2.19793129
0.0013934059100000002	156.910553	2.1261251
0.0014085136400000002	151.763382	2.08507299
0.0014236212700000001	146.469223	2.03723049
0.0014387290000000001	139.857437	1.97968996
0.0014538367300000001	136.076126	1.94895339
0.0014689444600000001	130.898468	1.90494037
0.00148405218	122.45253	1.83968782
0.00149915982	118.379395	1.80563641
0.00151426755	114.203384	1.76337779
0.00152937528	109.649101	1.72140217
0.00154448301	107.226234	1.69670928
0.0015595907300000001	103.578255	1.66471457
0.0015746984600000001	95.3689423	1.60168839
0.0015898061900000001	94.5941467	1.5852313
0.0016049139200000001	91.8907318	1.55706096
0.00162002146	92.2140961	1.55242705
0.00163512919	85.3168869	1.48911488
0.00165023692	81.2532349	1.4566052
0.00166534465	78.9924164	1.43178988
0.00168045238	76.8000565	1.41105855
0.00169556011	72.7923431	1.37445843
0.00171066783	68.5694122	1.33147085
0.00172577556	70.3300781	1.33498621
0.00174088329	66.7986679	1.29963529
0.00175599102	66.2897568	1.29020822
0.00177109856	65.2519455	1.27586007
0.00178620629	60.7045403	1.23436534
0.00180131402	59.4088402	1.21688247
0.00181642175	58.524128	1.2029649
0.00183152948	53.8087463	1.15781367
0.0018466372000000002	53.9577637	1.15191364
0.0018617449300000002	54.7198944	1.15769172
0.0018768526600000002	49.667244	1.12224746
0.0018919603900000002	47.9347839	1.1175071
0.0019070681200000002	48.0692444	1.11848319
0.0019221758500000002	46.5149002	1.10549867
0.00193728339	43.9159088	1.08568013
0.0019674988500000003	42.9655456	0.620161006
0.00201282203	40.2423554	0.604009448
0.00205814522	36.7018344	0.57674692
0.0021034682200000003	33.6261915	0.541731201
0.0021487914000000003	31.2581774	0.517938263
0.0021941145900000003	29.1534227	0.496319621
0.00223943777	27.7494386	0.482313751
0.0022847607700000002	25.3237146	0.46105305
0.0023300839600000002	23.6517862	0.445510462
0.0023754071400000003	22.2142747	0.430748129
0.00242073014	20.0691732	0.412602078
0.00246605333	19.5381832	0.403907377
0.00251137652	17.4753558	0.387679377
0.0025566997	17.357825	0.381813762
0.0026020227	16.5684897	0.372037166
0.00266245361	14.8221502	0.27571164
0.0027379920700000004	14.415852	0.268827036
0.00281353071	12.7111113	0.263576748
0.00288906917	11.7630289	0.259297346
0.0029646078100000004	10.3549957	0.250774572
0.0030401462700000003	9.80376244	0.247195584
0.0031156849100000003	9.07596436	0.241492291
0.0031912233700000002	8.48072567	0.236229837
0.0032667622000000004	7.7027875	0.231038334
0.00334230065	7.23179751	0.224309101
0.0034178391099999998	6.86552725	0.213217501
0.0034933775700000005	6.15043516	0.203977374
0.0035689164000000002	5.97502823	0.199138454
0.00364445485	5.48204889	0.193190936
0.00371999331	5.1916812	0.188655358
0.0037955317600000004	4.98470259	0.184722109
0.0038710705900000006	4.51931562	0.180132359
0.00396171659	4.15980485	0.148786201
0.00406747088	3.9354841	0.14484576
0.00417322479	3.52027617	0.140149579
0.00427897871	3.16899518	0.135957042
0.004384732620000001	2.89869251	0.131962455
0.00449048653	2.7665298	0.129022352
0.00459624045	2.42667641	0.124957215
0.004701994730000001	2.46091734	0.122881218
0.004807748650000001	2.22008203	0.120140722
0.0049135025600000005	1.9432964	0.117088647
0.0050192564700000004	1.81017142	0.116902126
0.00512501039	1.57907259	0.117205358
0.0052307643	1.54404475	0.117163627
0.00535162613	1.39775047	0.102460576
0.0054875955	1.38881807	0.10176041
0.00562356487	1.15199545	0.0979714079
0.00575953424	1.04654131	0.0944785458
0.00589550361	1.0135268	0.0928569668
0.006031472980000001	0.914322913	0.0911887559
0.00616744235	0.861185637	0.0892046016
0.006303411720000001	0.777019772	0.0875759347
0.006439381090000001	0.726528154	0.0860722285
0.00659045875	0.67406417	0.0765358941
0.006756643210000001	0.565360719	0.0751715274
0.00692282841	0.540145955	0.0741292789
0.0070890128600000005	0.519494588	0.0731357583
0.00725519732	0.519080428	0.0722952866
0.00742138252	0.472475182	0.0711266176
0.00758756697	0.437718744	0.0699238305
0.00775375217	0.39280977	0.0687463817
0.00793504491	0.337024051	0.0620947054
0.0081314452	0.344886619	0.0611296336
0.00832784548	0.291281054	0.060064055
0.00852424502	0.234432954	0.0590671032
0.00872064531	0.26212831	0.0583670711
0.00891704559	0.225183643	0.0575277477
0.00911344588	0.223506992	0.0568849011
0.00932495371	0.19621805	0.0521685545
0.009551569820000001	0.175695274	0.0513966283
0.00977818519	0.17336475	0.050682476
0.010004801300000001	0.160690252	0.0500343277
0.0102314167	0.126571874	0.0493471113
0.010458032	0.127333818	0.0487433957
0.0106997557	0.106186248	0.0451652552
0.0109565869	0.105218026	0.0445699604
0.0112134181	0.102398984	0.0449613415
0.0114702493	0.0811697438	0.0453010957
0.0117270797	0.111868329	0.0447724946
0.0119990192	0.0925281268	0.0410744615
0.0122860655	0.0602578882	0.0402309035
0.0125731125	0.0681487753	0.0395698093
0.0128601581	0.0721601562	0.0389677305
0.013162311900000001	0.0744072071	0.0365102142
0.013479574000000001	0.0638796446	0.0368649306
0.013796836100000001	0.0634207612	0.0379133743
0.0141140983	0.0431736835	0.0388926716
0.014446468700000001	0.057352092	0.037843897
0.0147939458	0.0532899505	0.0381407795
0.015141423000000001	0.0453487563	0.0385011553
0.0154889002	0.0547652031	0.038851423
0.0158514857	0.0417489827	0.0375317526
0.016229178	0.045556047	0.0377505196
0.016606870300000003	0.0445060384	0.0379237262
0.0169845641	0.0385134757	0.0380619822
0.0173773646	0.0529492161	0.0367697208
0.017785272	0.0377582425	0.0380245678
0.0181931809	0.0388911369	0.0395098787
0.0186161965	0.0313518297	0.0392376969
0.0190543205	0.026825112	0.0404908297
0.019492442900000004	0.0297511808	0.0429622694
0.0199456751	0.0249658734	0.0461636727
0.0204140142	0.0353332693	0.0505053816
0.020882353200000002	0.0349798243	0.0549899622
0.021365799	0.0182628749	0.0581562547
0.0218643546	0.0244534254	0.0652919218
0.022362908700000003	0.0164544026	0.0731047086
0.022876571100000003	0.0223222852	0.079927484
0.0234053403	0.0148098581	0.0929238854
0.023949217800000002	0.0284599351	0.107223612
0.0245082036	0.0158259905	0.124552839
0.025082296100000002	-0.0079348294	0.150259699
0.025671497	0.0752948446	0.225504596
