q[nm-1]	I(q)[sr-1]_rebin(no_smoothing,TAPBdmpdaStandardLowQ_eiger2_18251_sub.dat_00001_[sub(TAPBdmpdaStandardLowQ_eiger2_18251_ave.h5_00001_[AN_3_30_36_RXN_90C]-TAPBdmpdaStandardLowQ_eiger2_18148_av_ave.h5_00001_[AN_3_30_36_PRM_90C])],1,0.0050)	error
0.00010925045900000001	275252.25	2747.43286
0.000124358176	2416.25	1134.83704
0.000139465882	-127425.875	607.865784
0.00015457359800000002	-19506.7188	351.375244
0.000169681304	-3345.375	224.198639
0.000184789021	1489.88281	159.377426
0.00019989672600000002	3706.12891	121.183624
0.000215004431	3944.6875	95.7281494
0.00023011216	3963.35156	78.1776352
0.00024521986500000004	4043.06055	65.2816315
0.00026032757000000003	4194.42871	56.0447845
0.000275435275	4088.43262	48.7117729
0.000290542981	3720.69727	41.5413322
0.000305650709	3634.57959	35.97258
0.00032075841400000006	3519.30078	31.5255527
0.00033586612	3506.73438	28.6989403
0.00035097382500000004	3396.35474	26.5468159
0.00036608155400000004	3260.27686	24.4940281
0.00038118925900000003	3242.38428	22.9769669
0.00039629698700000004	3160.35522	21.6083679
0.00041140466900000007	3043.52539	20.2997437
0.0004265123980000001	2995.33105	19.3490868
0.00044162008	2903.04297	18.3803329
0.000456727808	2899.02832	17.7129002
0.000471835537	2769.6167	16.799078
0.00048694321900000004	2670.29565	16.0773335
0.000502050947	2604.06885	15.4727011
0.000517158676	2513.14941	14.8209038
0.0005322663580000001	2402.11279	14.120822
0.0005473740860000001	2344.99658	13.5903234
0.000562481768	2288.49561	13.1015816
0.000577589497	2197.82324	12.6132421
0.0005926972260000001	2117.55933	12.1502838
0.000607804907	2025.99829	11.6401272
0.000622912636	1950.03894	11.2127237
0.000638020318	1901.5	10.8774538
0.000653128047	1817.67163	10.4737253
0.000668235775	1741.80811	10.1002264
0.000683343457	1689.74353	9.79874325
0.000698451186	1630.88147	9.47485828
0.000713558914	1577.68518	9.20123863
0.000728666596	1502.65491	8.8803215
0.000743774325	1430.91138	8.55787754
0.0007588820070000001	1377.48596	8.29595089
0.0007739897350000001	1327.9541	8.03893948
0.0007890974170000001	1275.70642	7.78363466
0.000804205146	1222.70068	7.5339551
0.000819312874	1177.92542	7.3180275
0.0008344206030000001	1134.08777	7.1075449
0.0008495283310000001	1081.58667	6.87864065
0.0008646359669999999	1028.41675	6.636868
0.0008797436949999999	995.256409	6.46483231
0.000894851424	957.457947	6.28294277
0.000909959152	911.707886	6.07932568
0.0009250668809999999	873.292664	5.90047264
0.0009401745160000001	828.552063	5.69466162
0.000955282245	793.513306	5.53196478
0.000970389973	766.782959	5.37938976
0.0009854977020000001	733.6875	5.22129011
0.00100060543	690.565796	5.04559517
0.00101571307	663.260864	4.9115181
0.00103082079	630.595276	4.74412584
0.00104592852	607.123901	4.62314987
0.00106103625	584.386597	4.49789429
0.00107614398	557.500916	4.35977221
0.00109125171	532.476013	4.23061466
0.00110635934	514.927673	4.12966871
0.00112146707	485.137817	3.97479033
0.0011365748	467.464111	3.88704515
0.00115168253	441.501526	3.75351167
0.00116679026	428.630066	3.67525148
0.0011818978900000002	410.455963	3.57167578
0.0011970056200000002	392.432831	3.47507167
0.0012121133500000002	374.641052	3.37919736
0.0012272210800000002	354.571991	3.27239132
0.0012423288100000002	342.11908	3.19290543
0.00125743644	327.229004	3.10376382
0.00127254417	314.971069	3.03179836
0.0012876519	299.474609	2.93638229
0.00130275963	285.726227	2.85856318
0.00131786736	278.869537	2.81205893
0.0013329749900000002	270.615173	2.75356555
0.0013480827200000002	255.559753	2.66217375
0.0013631904500000002	249.076294	2.61551404
0.0013782981800000002	236.467804	2.53305364
0.0013934059100000002	231.160583	2.49604297
0.0014085136400000002	221.073151	2.42871261
0.0014236212700000001	212.464142	2.37101245
0.0014387290000000001	202.046631	2.29434013
0.0014538367300000001	194.562286	2.25092554
0.0014689444600000001	185.70018	2.19077802
0.00148405218	182.217529	2.16398716
0.00149915982	173.294205	2.1061008
0.00151426755	162.398163	2.02640104
0.00152937528	160.295776	2.0079844
0.00154448301	151.008392	1.94035351
0.0015595907300000001	145.471527	1.89980567
0.0015746984600000001	140.069489	1.86530995
0.0015898061900000001	136.516174	1.83085287
0.0016049139200000001	131.595062	1.78630912
0.00162002146	130.08316	1.77021384
0.00163512919	126.270088	1.74269414
0.00165023692	120.719681	1.69911885
0.00166534465	114.852585	1.65074408
0.00168045238	110.48922	1.62037539
0.00169556011	107.012741	1.5896405
0.00171066783	103.884018	1.55793953
0.00172577556	101.686707	1.53712881
0.00174088329	97.8805923	1.50110543
0.00175599102	96.4819489	1.48609805
0.00177109856	95.0511398	1.46781003
0.00178620629	93.5234985	1.45376551
0.00180131402	87.4291382	1.4077673
0.00181642175	84.6989594	1.37993658
0.00183152948	81.6556168	1.35308051
0.0018466372000000002	79.6440277	1.33567643
0.0018617449300000002	75.4957886	1.29827428
0.0018768526600000002	75.0874023	1.30471265
0.0018919603900000002	73.0139008	1.29702473
0.0019070681200000002	69.5207977	1.27238142
0.0019221758500000002	69.5684814	1.28132772
0.00193728339	64.5424042	1.24226844
0.0019674988500000003	62.4083303	0.706633721
0.00201282203	59.1797307	0.689373409
0.00205814522	53.8015735	0.656494793
0.0021034682200000003	49.1534653	0.615441331
0.0021487914000000003	46.0670471	0.587520301
0.0021941145900000003	43.0064265	0.564180763
0.00223943777	40.0169919	0.540690472
0.0022847607700000002	37.0156962	0.519178978
0.0023300839600000002	34.5592829	0.499838449
0.0023754071400000003	32.3020795	0.481460906
0.00242073014	30.2647979	0.464873311
0.00246605333	27.5732892	0.44586297
0.00251137652	26.6834526	0.435338714
0.0025566997	24.8353888	0.421543428
0.0026020227	23.4999262	0.408917102
0.00266245361	21.6897541	0.305342371
0.0027379920700000004	19.8414154	0.291564944
0.00281353071	18.785104	0.290366456
0.00288906917	16.4512584	0.280846929
0.0029646078100000004	15.645153	0.275878381
0.0030401462700000003	13.9826296	0.266789101
0.0031156849100000003	13.3478115	0.262204258
0.0031912233700000002	12.3938959	0.255931445
0.0032667622000000004	11.2482042	0.249007084
0.00334230065	10.5137577	0.240014956
0.0034178391099999998	9.79930001	0.227997394
0.0034933775700000005	9.0821598	0.217788436
0.0035689164000000002	8.63296509	0.211593526
0.00364445485	7.96951837	0.205387699
0.00371999331	7.34432345	0.198842536
0.0037955317600000004	7.02076397	0.194715903
0.0038710705900000006	6.86354389	0.191539891
0.00396171659	6.01619496	0.15625829
0.00406747088	5.75896536	0.152185968
0.00417322479	5.04545682	0.146580616
0.00427897871	4.79286555	0.142937297
0.004384732620000001	4.39755774	0.138161534
0.00449048653	3.87823064	0.133626012
0.00459624045	3.60201335	0.130006821
0.004701994730000001	3.31443047	0.126526286
0.004807748650000001	3.16143618	0.12395881
0.0049135025600000005	2.86194413	0.121156783
0.0050192564700000004	2.81287929	0.121165065
0.00512501039	2.47696546	0.121128099
0.0052307643	2.29026876	0.120394259
0.00535162613	2.06130121	0.105156777
0.0054875955	1.92905694	0.103902875
0.00562356487	1.75933515	0.100327292
0.00575953424	1.68542231	0.0970189705
0.00589550361	1.55632699	0.0948550664
0.006031472980000001	1.34545746	0.0928001746
0.00616744235	1.2984119	0.0908363276
0.006303411720000001	1.13813961	0.0889661713
0.006439381090000001	1.03898347	0.0872445136
0.00659045875	0.943204344	0.0775095986
0.006756643210000001	0.917173928	0.0762810451
0.00692282841	0.883835689	0.0752357681
0.0070890128600000005	0.78436094	0.0739926408
0.00725519732	0.684865556	0.0728636881
0.00742138252	0.641451857	0.0716682336
0.00758756697	0.636192923	0.0705609901
0.00775375217	0.56854934	0.0693244954
0.00793504491	0.486768617	0.0625566218
0.0081314452	0.482818471	0.0615706603
0.00832784548	0.414581345	0.0604503411
0.00852424502	0.343296005	0.0594201303
0.00872064531	0.335847591	0.0586567051
0.00891704559	0.325037562	0.0578673862
0.00911344588	0.336688065	0.0572378631
0.00932495371	0.272937365	0.0524013331
0.009551569820000001	0.235071973	0.0515985519
0.00977818519	0.23932701	0.0509018005
0.010004801300000001	0.1999306	0.0501748849
0.0102314167	0.164860429	0.0494874656
0.010458032	0.194132978	0.0489541469
0.0106997557	0.145274069	0.0452959661
0.0109565869	0.13986541	0.0446872686
0.0112134181	0.142207285	0.0450915201
0.0114702493	0.120505349	0.0454377754
0.0117270797	0.150100161	0.0448987545
0.0119990192	0.104757245	0.0411427866
0.0122860655	0.0855161861	0.0403207941
0.0125731125	0.100080097	0.0396730092
0.0128601581	0.0857160828	0.0390361481
0.013162311900000001	0.0971154337	0.0365940956
0.013479574000000001	0.0835346317	0.0369429393
0.013796836100000001	0.0865787295	0.0379979126
0.0141140983	0.0565475268	0.0389634646
0.014446468700000001	0.0529622118	0.0378778618
0.0147939458	0.0721764117	0.0382171149
0.015141423000000001	0.0643886133	0.0385751706
0.0154889002	0.0704100099	0.0389277401
0.0158514857	0.0676129973	0.0376203076
0.016229178	0.0485751343	0.0378005823
0.016606870300000003	0.0705722957	0.0380077848
0.0169845641	0.0610992038	0.0381490977
0.0173773646	0.0541634041	0.0368185513
0.017785272	0.0442348197	0.0380784629
0.0181931809	0.0484558181	0.0395718658
0.0186161965	0.0309593952	0.0392839846
0.0190543205	0.043847678	0.0405759199
0.019492442900000004	0.0496272054	0.0430505314
0.0199456751	0.0357453475	0.0462411358
0.0204140142	0.0347410217	0.0505642585
0.020882353200000002	0.0397925222	0.0550601663
0.021365799	0.0331993455	0.0582656937
0.0218643546	0.0226875411	0.0653627902
0.022362908700000003	0.0298122733	0.0732514211
0.022876571100000003	0.0084097559	0.0799652503
0.0234053403	0.0349031854	0.0931316098
0.023949217800000002	0.0313078409	0.107345357
0.0245082036	0.0396218685	0.124856362
0.025082296100000002	0.0165267233	0.150592552
0.025671497	0.03844871	0.225485376
