q[nm-1]	I(q)[sr-1]_rebin(no_smoothing,TAPBdmpdaStandardLowQ_eiger2_18276_sub.dat_00001_[sub(TAPBdmpdaStandardLowQ_eiger2_18276_ave.h5_00001_[AN_3_30_36_RXN_90C]-TAPBdmpdaStandardLowQ_eiger2_18148_av_ave.h5_00001_[AN_3_30_36_PRM_90C])],1,0.0050)	error
0.00010925045900000001	283267.75	2749.0686
0.000124358176	-5352.875	1130.49365
0.000139465882	-132485.375	604.745056
0.00015457359800000002	-22222.0	348.956421
0.000169681304	-2809.76562	224.443085
0.000184789021	1958.61719	159.567322
0.00019989672600000002	4528.57422	121.892868
0.000215004431	4880.41406	96.6656342
0.00023011216	5063.7793	79.5361633
0.00024521986500000004	4813.95703	66.3415375
0.00026032757000000003	4649.12012	56.6593246
0.000275435275	4572.9873	49.3993759
0.000290542981	4173.9502	42.2401733
0.000305650709	4042.99268	36.5700798
0.00032075841400000006	3867.47852	31.9955196
0.00033586612	3771.90381	29.1018658
0.00035097382500000004	3636.10181	26.9220581
0.00036608155400000004	3518.8833	24.9215031
0.00038118925900000003	3400.28223	23.2175941
0.00039629698700000004	3310.7771	21.8693542
0.00041140466900000007	3210.09766	20.6220951
0.0004265123980000001	3108.32715	19.5356789
0.00044162008	2989.104	18.5362759
0.000456727808	2916.76025	17.727457
0.000471835537	2779.03906	16.7888412
0.00048694321900000004	2630.85059	15.9833784
0.000502050947	2524.38965	15.283699
0.000517158676	2462.16602	14.6652632
0.0005322663580000001	2372.58398	14.0399485
0.0005473740860000001	2236.12891	13.3209343
0.000562481768	2173.05469	12.8381691
0.000577589497	2075.86401	12.3134966
0.0005926972260000001	1990.31763	11.8532333
0.000607804907	1866.26611	11.2612476
0.000622912636	1796.53821	10.8699284
0.000638020318	1726.41113	10.4581041
0.000653128047	1621.43396	9.97514725
0.000668235775	1574.07886	9.68758869
0.000683343457	1504.56482	9.32826233
0.000698451186	1436.68152	9.00416279
0.000713558914	1361.29382	8.63015366
0.000728666596	1327.76331	8.43105984
0.000743774325	1251.93823	8.07808495
0.0007588820070000001	1199.45203	7.81077051
0.0007739897350000001	1152.22131	7.55956221
0.0007890974170000001	1098.00232	7.308043
0.000804205146	1041.22168	7.04056597
0.000819312874	1004.21948	6.83536291
0.0008344206030000001	959.497009	6.6027627
0.0008495283310000001	917.40387	6.4059453
0.0008646359669999999	861.819458	6.15507507
0.0008797436949999999	821.048401	5.94528294
0.000894851424	788.245422	5.7768054
0.000909959152	758.910278	5.6252346
0.0009250668809999999	718.954712	5.4194417
0.0009401745160000001	685.286926	5.25926924
0.000955282245	651.507263	5.08549643
0.000970389973	617.073914	4.89983749
0.0009854977020000001	591.269531	4.76424503
0.00100060543	561.422119	4.61729431
0.00101571307	541.569397	4.49496555
0.00103082079	513.361877	4.34077501
0.00104592852	492.190918	4.22564602
0.00106103625	477.819977	4.12682295
0.00107614398	453.703949	3.98719501
0.00109125171	432.219849	3.86458468
0.00110635934	415.352173	3.76363993
0.00112146707	391.199036	3.63096738
0.0011365748	372.510742	3.5217762
0.00115168253	360.830872	3.4405942
0.00116679026	343.205933	3.33333945
0.0011818978900000002	327.00473	3.24643016
0.0011970056200000002	307.956604	3.13417792
0.0012121133500000002	293.907745	3.04117703
0.0012272210800000002	283.39566	2.97610116
0.0012423288100000002	273.627441	2.90363479
0.00125743644	264.235962	2.84014535
0.00127254417	251.0952	2.75190902
0.0012876519	241.066864	2.67948556
0.00130275963	231.427063	2.62417603
0.00131786736	215.322586	2.51454735
0.0013329749900000002	207.357147	2.45435572
0.0013480827200000002	204.703644	2.43216705
0.0013631904500000002	195.12204	2.35307384
0.0013782981800000002	186.829971	2.29816127
0.0013934059100000002	176.707001	2.22536945
0.0014085136400000002	170.245636	2.1787734
0.0014236212700000001	161.897156	2.11500931
0.0014387290000000001	160.139404	2.09144592
0.0014538367300000001	153.295502	2.03588367
0.0014689444600000001	147.856155	2.00002599
0.00148405218	138.91893	1.93072319
0.00149915982	132.765533	1.88754809
0.00151426755	127.295776	1.8383683
0.00152937528	126.714149	1.82399404
0.00154448301	120.913628	1.77370369
0.0015595907300000001	118.916534	1.749493
0.0015746984600000001	114.181694	1.71870232
0.0015898061900000001	108.475006	1.67325401
0.0016049139200000001	101.406357	1.61097693
0.00162002146	98.7746582	1.58403015
0.00163512919	97.920311	1.57629108
0.00165023692	95.6578522	1.54335999
0.00166534465	94.3350067	1.52970254
0.00168045238	85.7198715	1.46797919
0.00169556011	82.5377045	1.43740034
0.00171066783	80.2398834	1.4083271
0.00172577556	78.8418274	1.3877008
0.00174088329	77.1551514	1.37177539
0.00175599102	71.6414108	1.32357979
0.00177109856	72.4132843	1.32676876
0.00178620629	69.8631134	1.29479194
0.00180131402	66.6161499	1.26641655
0.00181642175	64.1330414	1.24043858
0.00183152948	64.0986099	1.23654091
0.0018466372000000002	63.3484192	1.22194374
0.0018617449300000002	60.2783356	1.19470334
0.0018768526600000002	59.6395187	1.1992017
0.0018919603900000002	57.7558289	1.19089627
0.0019070681200000002	53.8629036	1.16226506
0.0019221758500000002	53.2727165	1.15890145
0.00193728339	52.7695236	1.15651608
0.0019674988500000003	50.4438222	0.654936856
0.00201282203	45.9385414	0.630995765
0.00205814522	42.1014582	0.60211161
0.0021034682200000003	39.600886	0.571083633
0.0021487914000000003	36.8484344	0.544349876
0.0021941145900000003	33.4760819	0.517604004
0.00223943777	31.1775875	0.49828647
0.0022847607700000002	29.2622477	0.481230628
0.0023300839600000002	27.5253474	0.463704116
0.0023754071400000003	25.8127861	0.447799444
0.00242073014	24.1315575	0.433959591
0.00246605333	22.6816629	0.420272732
0.00251137652	22.087129	0.4121543
0.0025566997	19.8353392	0.394789245
0.0026020227	19.0155398	0.385242522
0.00266245361	17.7289272	0.287948827
0.0027379920700000004	16.3710306	0.276825238
0.00281353071	15.2253565	0.274013464
0.00288906917	13.6471722	0.267892891
0.0029646078100000004	12.1379702	0.259241363
0.0030401462700000003	11.6347218	0.255515441
0.0031156849100000003	10.616246	0.248782379
0.0031912233700000002	9.98130378	0.243292229
0.0032667622000000004	8.90271168	0.236672125
0.00334230065	8.49963493	0.230282843
0.0034178391099999998	8.07777471	0.218716125
0.0034933775700000005	7.55427751	0.210459963
0.0035689164000000002	7.03157768	0.203951363
0.00364445485	6.33927546	0.196944525
0.00371999331	5.94665976	0.192168813
0.0037955317600000004	5.90469131	0.189158777
0.0038710705900000006	5.09991627	0.182679907
0.00396171659	4.94719669	0.151866675
0.00406747088	4.13742975	0.145491145
0.00417322479	3.98984425	0.142105896
0.00427897871	3.69444152	0.138066542
0.004384732620000001	3.5568643	0.134568568
0.00449048653	3.10025593	0.130130456
0.00459624045	2.95703169	0.127090453
0.004701994730000001	2.75818501	0.123949531
0.004807748650000001	2.39777831	0.120625277
0.0049135025600000005	2.26032952	0.118353634
0.0050192564700000004	2.13124614	0.118106701
0.00512501039	1.90589881	0.11846215
0.0052307643	1.78722802	0.117859335
0.00535162613	1.51638941	0.102772301
0.0054875955	1.52589187	0.102123047
0.00562356487	1.35131918	0.0986364845
0.00575953424	1.29264877	0.0954152637
0.00589550361	1.08830723	0.0929667833
0.006031472980000001	1.04844171	0.091510217
0.00616744235	0.88561272	0.0891773234
0.006303411720000001	0.89427689	0.0878796787
0.006439381090000001	0.850868821	0.0864159208
0.00659045875	0.730090391	0.0766584456
0.006756643210000001	0.685617707	0.0754089804
0.00692282841	0.660331027	0.0743987159
0.0070890128600000005	0.665001219	0.0734475744
0.00725519732	0.577844008	0.072357323
0.00742138252	0.509583072	0.0711364368
0.00758756697	0.42191274	0.0697935039
0.00775375217	0.447980458	0.068784263
0.00793504491	0.408329469	0.0621870055
0.0081314452	0.372727944	0.0611311854
0.00832784548	0.338813777	0.0600901526
0.00852424502	0.328927572	0.0592333631
0.00872064531	0.278290361	0.0583221894
0.00891704559	0.249714448	0.0575104578
0.00911344588	0.276105299	0.0569328356
0.00932495371	0.22192727	0.0521631079
0.009551569820000001	0.191960673	0.0513617345
0.00977818519	0.180546685	0.0506331097
0.010004801300000001	0.160692014	0.0499624826
0.0102314167	0.158995483	0.0493464818
0.010458032	0.14906317	0.0487295094
0.0106997557	0.127997134	0.0451516052
0.0109565869	0.128968234	0.0445544169
0.0112134181	0.114366243	0.0449217014
0.0114702493	0.0941192262	0.0452660752
0.0117270797	0.129506507	0.0447420435
0.0119990192	0.100113223	0.0410254646
0.0122860655	0.072356926	0.0401986494
0.0125731125	0.0833905676	0.0395379047
0.0128601581	0.0848948108	0.0389355468
0.013162311900000001	0.08092445	0.0364697412
0.013479574000000001	0.0708295469	0.0368259425
0.013796836100000001	0.074591636	0.0378816151
0.0141140983	0.0626195761	0.0388749296
0.014446468700000001	0.0497331949	0.0377691499
0.0147939458	0.070144161	0.0381162404
0.015141423000000001	0.0639682956	0.0384789909
0.0154889002	0.0549618991	0.0387974256
0.0158514857	0.0613342202	0.0375134548
0.016229178	0.0468663126	0.0377007352
0.016606870300000003	0.0483694375	0.0378792795
0.0169845641	0.0409284359	0.0380123676
0.0173773646	0.048386475	0.036710326
0.017785272	0.0347850568	0.0379684997
0.0181931809	0.0397762648	0.0394517608
0.0186161965	0.0391162608	0.0391987005
0.0190543205	0.0391195381	0.040455354
0.019492442900000004	0.0507885744	0.0429427599
0.0199456751	0.028448401	0.0461043888
0.0204140142	0.0323035931	0.050423296
0.020882353200000002	0.0245714843	0.054880239
0.021365799	0.0280993583	0.0580937827
0.0218643546	0.031015155	0.0652169896
0.022362908700000003	0.0194564682	0.0730201443
0.022876571100000003	0.0306908385	0.0798361209
0.0234053403	0.0339007453	0.0928839194
0.023949217800000002	0.0239712049	0.107047311
0.0245082036	0.031796673	0.124446427
0.025082296100000002	0.0378950902	0.150390816
0.025671497	-0.00349273888	0.224372109
