q[nm-1]	I(q)[sr-1]_rebin(no_smoothing,TAPBdmpdaStandardLowQ_eiger2_18406_sub.dat_00001_[sub(TAPBdmpdaStandardLowQ_eiger2_18406_ave.h5_00001_[AN_3_30_36_RXN_90C]-TAPBdmpdaStandardLowQ_eiger2_18148_av_ave.h5_00001_[AN_3_30_36_PRM_90C])],1,0.0050)	error
0.00010925045900000001	291051.75	2766.18286
0.000124358176	-23808.125	1124.94519
0.000139465882	-110209.875	615.322937
0.00015457359800000002	13182.625	371.174866
0.000169681304	20124.0781	240.580933
0.000184789021	21037.1641	175.878311
0.00019989672600000002	21051.8828	137.755035
0.000215004431	20878.3711	113.666618
0.00023011216	19596.6094	96.0909729
0.00024521986500000004	17615.5273	81.9590225
0.00026032757000000003	16379.1885	71.8225784
0.000275435275	15237.3398	63.8746796
0.000290542981	13147.6201	54.4775124
0.000305650709	11780.1289	47.2827301
0.00032075841400000006	10914.9307	41.8180466
0.00033586612	10033.8711	37.9557381
0.00035097382500000004	9112.78223	35.0008354
0.00036608155400000004	8305.40234	32.2698097
0.00038118925900000003	7715.31592	30.086256
0.00039629698700000004	6983.20898	27.842823
0.00041140466900000007	6346.91553	25.872942
0.0004265123980000001	5895.96973	24.3271675
0.00044162008	5381.92432	22.7348003
0.000456727808	4959.23145	21.3547039
0.000471835537	4684.41602	20.2994137
0.00048694321900000004	4326.8291	19.1701717
0.000502050947	3964.11523	18.0413074
0.000517158676	3767.56689	17.2301426
0.0005322663580000001	3542.50684	16.3426666
0.0005473740860000001	3346.22778	15.5934734
0.000562481768	3094.58057	14.7165966
0.000577589497	2910.06445	14.0877752
0.0005926972260000001	2754.5144	13.4916115
0.000607804907	2560.83838	12.7904148
0.000622912636	2412.67578	12.2345953
0.000638020318	2284.24731	11.704463
0.000653128047	2164.91675	11.2575321
0.000668235775	2042.3501	10.7917223
0.000683343457	1935.06604	10.3733072
0.000698451186	1823.62659	9.93876553
0.000713558914	1721.42114	9.53686333
0.000728666596	1607.19153	9.11442757
0.000743774325	1538.33154	8.83020401
0.0007588820070000001	1448.29456	8.46248245
0.0007739897350000001	1377.13416	8.15908337
0.0007890974170000001	1307.1543	7.87724304
0.000804205146	1231.43555	7.56903219
0.000819312874	1171.28723	7.29978561
0.0008344206030000001	1107.12634	7.02805328
0.0008495283310000001	1053.96924	6.80208635
0.0008646359669999999	1005.30591	6.58319616
0.0008797436949999999	953.311096	6.35194874
0.000894851424	903.494568	6.12354755
0.000909959152	854.170227	5.90449047
0.0009250668809999999	803.787659	5.69112682
0.0009401745160000001	767.233887	5.52012825
0.000955282245	730.011414	5.33510876
0.000970389973	692.586548	5.1481576
0.0009854977020000001	660.192871	5.00297785
0.00100060543	614.728027	4.80253553
0.00101571307	598.451477	4.69775438
0.00103082079	576.233582	4.57098532
0.00104592852	545.524414	4.41796589
0.00106103625	522.117493	4.28688955
0.00107614398	493.848602	4.13523102
0.00109125171	473.899597	4.0277915
0.00110635934	456.188873	3.92185402
0.00112146707	435.616211	3.79955792
0.0011365748	415.851807	3.6947
0.00115168253	396.651428	3.59127116
0.00116679026	378.668549	3.48800445
0.0011818978900000002	359.19281	3.37778282
0.0011970056200000002	342.271515	3.27457213
0.0012121133500000002	333.420532	3.21816468
0.0012272210800000002	313.731689	3.09943581
0.0012423288100000002	302.019958	3.02770829
0.00125743644	287.383362	2.93668771
0.00127254417	278.90094	2.88681579
0.0012876519	262.340057	2.77637482
0.00130275963	251.950836	2.71507072
0.00131786736	242.345108	2.6469903
0.0013329749900000002	232.990921	2.5812254
0.0013480827200000002	219.322174	2.49835563
0.0013631904500000002	215.976318	2.46200275
0.0013782981800000002	203.377319	2.38030481
0.0013934059100000002	197.536682	2.33699489
0.0014085136400000002	195.021744	2.30651927
0.0014236212700000001	186.169388	2.24781418
0.0014387290000000001	178.034546	2.18366766
0.0014538367300000001	171.041718	2.13277745
0.0014689444600000001	160.178177	2.05961919
0.00148405218	155.494553	2.02502847
0.00149915982	148.928955	1.97960758
0.00151426755	143.131042	1.92728329
0.00152937528	141.006821	1.90510547
0.00154448301	136.486023	1.87237966
0.0015595907300000001	128.450516	1.80432725
0.0015746984600000001	126.85865	1.79666555
0.0015898061900000001	120.935242	1.73930097
0.0016049139200000001	117.516609	1.71100378
0.00162002146	111.277077	1.66334331
0.00163512919	105.954414	1.61958337
0.00165023692	105.865402	1.6101228
0.00166534465	102.581696	1.57496619
0.00168045238	100.215469	1.56073117
0.00169556011	94.6890869	1.51236188
0.00171066783	90.618515	1.47652125
0.00172577556	89.7293015	1.46534467
0.00174088329	88.2073517	1.44432294
0.00175599102	86.9978256	1.4292227
0.00177109856	79.8298187	1.37134624
0.00178620629	79.3581543	1.36568081
0.00180131402	77.4111176	1.3392483
0.00181642175	75.5133514	1.32200205
0.00183152948	73.5967789	1.30110443
0.0018466372000000002	73.0337296	1.29151475
0.0018617449300000002	67.7604904	1.24547088
0.0018768526600000002	65.7680359	1.24117398
0.0018919603900000002	64.483223	1.24038649
0.0019070681200000002	62.860302	1.22836018
0.0019221758500000002	62.8443718	1.23241353
0.00193728339	60.1578445	1.20916951
0.0019674988500000003	56.4739495	0.682185858
0.00201282203	51.8968213	0.658687234
0.00205814522	48.5172908	0.634514119
0.0021034682200000003	44.1911621	0.592026791
0.0021487914000000003	40.7776223	0.564716245
0.0021941145900000003	37.3611412	0.537068779
0.00223943777	35.5220591	0.520265793
0.0022847607700000002	33.3790359	0.501735212
0.0023300839600000002	31.644455	0.486692904
0.0023754071400000003	28.6356881	0.464465832
0.00242073014	27.7337132	0.452900688
0.00246605333	24.8232212	0.432365232
0.00251137652	24.3650939	0.425697127
0.0025566997	22.6617724	0.410247291
0.0026020227	22.1751251	0.401824241
0.00266245361	19.4731503	0.296116954
0.0027379920700000004	18.0621182	0.284350691
0.00281353071	16.0905252	0.278732688
0.00288906917	15.0845585	0.274578871
0.0029646078100000004	13.4839998	0.266157253
0.0030401462700000003	12.9565386	0.262271274
0.0031156849100000003	11.721113	0.254530413
0.0031912233700000002	10.379612	0.245922485
0.0032667622000000004	9.7810402	0.241800845
0.00334230065	8.96990242	0.233297637
0.0034178391099999998	8.46179962	0.221369718
0.0034933775700000005	8.07124863	0.213661016
0.0035689164000000002	7.30621223	0.206164511
0.00364445485	6.86328859	0.199903126
0.00371999331	6.4943881	0.195166348
0.0037955317600000004	6.12695427	0.190428022
0.0038710705900000006	5.63268461	0.185656325
0.00396171659	4.93276576	0.152139601
0.00406747088	4.69478478	0.148120878
0.00417322479	4.32939325	0.143643772
0.00427897871	4.07693267	0.140025883
0.004384732620000001	3.49010383	0.134509724
0.00449048653	3.42272844	0.131880256
0.00459624045	3.08158946	0.127769117
0.004701994730000001	2.79853886	0.124424901
0.004807748650000001	2.51306268	0.121512992
0.0049135025600000005	2.39354569	0.119124092
0.0050192564700000004	2.21671898	0.118714978
0.00512501039	1.9050061	0.118755155
0.0052307643	1.84958589	0.118557442
0.00535162613	1.6623322	0.103544111
0.0054875955	1.54441612	0.102419982
0.00562356487	1.30510788	0.0986477465
0.00575953424	1.35699529	0.0957783656
0.00589550361	1.15453459	0.0934065435
0.006031472980000001	1.05135416	0.0918300761
0.00616744235	0.977614567	0.089754342
0.006303411720000001	0.958932308	0.0882961517
0.006439381090000001	0.889503638	0.0866908396
0.00659045875	0.801652171	0.0770660525
0.006756643210000001	0.748650768	0.075791327
0.00692282841	0.614427388	0.0743974372
0.0070890128600000005	0.716089368	0.0737833466
0.00725519732	0.627045507	0.0727312411
0.00742138252	0.581212196	0.07151452
0.00758756697	0.550051781	0.07034788
0.00775375217	0.480800867	0.0690434768
0.00793504491	0.462755428	0.0624852832
0.0081314452	0.467851598	0.0615295985
0.00832784548	0.365272559	0.0603204807
0.00852424502	0.329037107	0.0593797345
0.00872064531	0.325646439	0.0586044585
0.00891704559	0.331270553	0.0578623049
0.00911344588	0.299137822	0.057121848
0.00932495371	0.257588188	0.0523710656
0.009551569820000001	0.232532354	0.0515893764
0.00977818519	0.232556909	0.0508838748
0.010004801300000001	0.201863064	0.0501812451
0.0102314167	0.195972103	0.0495530746
0.010458032	0.190798326	0.0489444394
0.0106997557	0.174083601	0.0453591626
0.0109565869	0.144325485	0.044694495
0.0112134181	0.153996719	0.0451182568
0.0114702493	0.123220142	0.0454447456
0.0117270797	0.14235205	0.0448814291
0.0119990192	0.11956718	0.0411678027
0.0122860655	0.100461841	0.0403464512
0.0125731125	0.103957922	0.0396782506
0.0128601581	0.105546378	0.0390744053
0.013162311900000001	0.0996243336	0.0365947697
0.013479574000000001	0.0815062118	0.0369425938
0.013796836100000001	0.090966942	0.0380059993
0.0141140983	0.0744951069	0.0389929492
0.014446468700000001	0.0828862586	0.037927516
0.0147939458	0.0765377089	0.0382231798
0.015141423000000001	0.0798342623	0.0386032369
0.0154889002	0.0917156287	0.0389604013
0.0158514857	0.0740417421	0.0376310144
0.016229178	0.0760815132	0.0378504332
0.016606870300000003	0.0711714268	0.0380120889
0.0169845641	0.0616671497	0.0381426824
0.0173773646	0.0643688247	0.0368351608
0.017785272	0.050898138	0.0380918474
0.0181931809	0.0490599915	0.0395744785
0.0186161965	0.0578220713	0.0393370424
0.0190543205	0.0463227041	0.0405738295
0.019492442900000004	0.0537047558	0.0430588827
0.0199456751	0.0460973476	0.0462616614
0.0204140142	0.0416010296	0.0505778266
0.020882353200000002	0.0453783697	0.0550691356
0.021365799	0.0390485995	0.0582708517
0.0218643546	0.0290831787	0.0653783013
0.022362908700000003	0.0239797719	0.0732217695
0.022876571100000003	0.041807028	0.0800804197
0.0234053403	0.0334805357	0.0931391427
0.023949217800000002	0.0513841811	0.107450152
0.0245082036	0.0228531085	0.124771123
0.025082296100000002	0.024279137	0.150650381
0.025671497	0.0430764054	0.225794053
