q[nm-1]	I(q)[sr-1]_rebin(no_smoothing,TAPBdmpdaStandardLowQ_eiger2_18225_sub.dat_00001_[sub(TAPBdmpdaStandardLowQ_eiger2_18225_ave.h5_00001_[AN_3_30_36_RXN_90C]-TAPBdmpdaStandardLowQ_eiger2_18148_av_ave.h5_00001_[AN_3_30_36_PRM_90C])],1,0.0050)	error
0.00010925045900000001	265980.5	2743.04956
0.000124358176	5711.25	1136.40735
0.000139465882	-124582.312	608.697083
0.00015457359800000002	-14859.25	354.41745
0.000169681304	-4563.54688	222.850555
0.000184789021	512.875	158.514664
0.00019989672600000002	2563.48047	119.995743
0.000215004431	2803.78125	94.3695068
0.00023011216	2842.23438	76.7218018
0.00024521986500000004	3020.21094	63.88974
0.00026032757000000003	2984.08105	54.1796227
0.000275435275	2855.76562	46.6684418
0.000290542981	2751.01367	39.9863663
0.000305650709	2694.34424	34.3597221
0.00032075841400000006	2657.81934	30.0770569
0.00033586612	2662.87646	27.2525654
0.00035097382500000004	2551.45093	24.9884281
0.00036608155400000004	2566.6543	23.2153358
0.00038118925900000003	2545.27393	21.6430511
0.00039629698700000004	2520.78003	20.351429
0.00041140466900000007	2486.28711	19.2135124
0.0004265123980000001	2434.57227	18.2268772
0.00044162008	2396.29102	17.3706322
0.000456727808	2352.29932	16.5667934
0.000471835537	2294.31006	15.8065777
0.00048694321900000004	2255.94336	15.217535
0.000502050947	2181.64355	14.5622978
0.000517158676	2114.68262	13.9374084
0.0005322663580000001	2048.75098	13.3568821
0.0005473740860000001	1998.52783	12.8315945
0.000562481768	1958.66736	12.3474417
0.000577589497	1897.5354	11.9280491
0.0005926972260000001	1846.12158	11.527627
0.000607804907	1790.40503	11.1054897
0.000622912636	1743.66614	10.7509747
0.000638020318	1701.80933	10.3998623
0.000653128047	1650.7157	10.0773563
0.000668235775	1600.2677	9.7691803
0.000683343457	1541.90503	9.43151665
0.000698451186	1481.22546	9.1124382
0.000713558914	1423.57849	8.81505775
0.000728666596	1371.51318	8.53946686
0.000743774325	1333.04297	8.30827522
0.0007588820070000001	1275.62512	8.01701641
0.0007739897350000001	1242.13562	7.80920076
0.0007890974170000001	1197.55493	7.56847715
0.000804205146	1158.27185	7.37197542
0.000819312874	1114.08618	7.15313721
0.0008344206030000001	1069.78833	6.92163181
0.0008495283310000001	1019.50446	6.69686842
0.0008646359669999999	971.285645	6.48130417
0.0008797436949999999	948.98468	6.3412652
0.000894851424	922.217957	6.18410015
0.000909959152	875.756104	5.96542358
0.0009250668809999999	841.856323	5.80762196
0.0009401745160000001	800.990417	5.61612177
0.000955282245	771.553894	5.4668045
0.000970389973	735.755798	5.28444338
0.0009854977020000001	703.940796	5.13554668
0.00100060543	676.973755	5.00350142
0.00101571307	651.211121	4.85856485
0.00103082079	624.509094	4.72233582
0.00104592852	604.422363	4.61834192
0.00106103625	577.859985	4.47676849
0.00107614398	547.660095	4.314013
0.00109125171	529.972473	4.22660112
0.00110635934	500.518707	4.07394361
0.00112146707	487.220459	3.98987818
0.0011365748	463.231201	3.8632741
0.00115168253	439.808777	3.74213171
0.00116679026	424.619415	3.66000938
0.0011818978900000002	406.97699	3.56344247
0.0011970056200000002	387.809174	3.45744801
0.0012121133500000002	370.679504	3.36029553
0.0012272210800000002	358.914642	3.2897141
0.0012423288100000002	341.443054	3.19098449
0.00125743644	330.423645	3.12255573
0.00127254417	314.03241	3.01806784
0.0012876519	301.959778	2.94711757
0.00130275963	287.991516	2.86665297
0.00131786736	278.38974	2.81135011
0.0013329749900000002	265.838379	2.72988582
0.0013480827200000002	255.401398	2.66029048
0.0013631904500000002	248.172455	2.60815215
0.0013782981800000002	236.447754	2.53640962
0.0013934059100000002	226.113464	2.46740985
0.0014085136400000002	217.137802	2.40920043
0.0014236212700000001	205.933823	2.33546591
0.0014387290000000001	198.64212	2.28333378
0.0014538367300000001	193.802582	2.24404788
0.0014689444600000001	186.462967	2.18904305
0.00148405218	179.221558	2.14405489
0.00149915982	169.445374	2.08676171
0.00151426755	161.280533	2.02168131
0.00152937528	158.950958	1.99721241
0.00154448301	151.25119	1.94405019
0.0015595907300000001	148.383072	1.91493094
0.0015746984600000001	141.29274	1.86685991
0.0015898061900000001	137.253067	1.83596313
0.0016049139200000001	131.418488	1.78840828
0.00162002146	127.172508	1.75186884
0.00163512919	123.688835	1.72346389
0.00165023692	119.681412	1.68981504
0.00166534465	118.000061	1.67563474
0.00168045238	108.791222	1.60200632
0.00169556011	107.834625	1.59323907
0.00171066783	104.98082	1.56437635
0.00172577556	100.830299	1.52925968
0.00174088329	98.2096634	1.5039748
0.00175599102	97.6597672	1.4924643
0.00177109856	91.2584152	1.4435693
0.00178620629	89.0211029	1.42443144
0.00180131402	84.6004639	1.38337398
0.00181642175	84.5047607	1.38081324
0.00183152948	83.0547485	1.36343384
0.0018466372000000002	78.2231064	1.3188976
0.0018617449300000002	75.4176483	1.29835594
0.0018768526600000002	74.032135	1.29519677
0.0018919603900000002	71.7744141	1.29161108
0.0019070681200000002	69.2365265	1.27666736
0.0019221758500000002	66.668045	1.25692415
0.00193728339	63.4316101	1.23308313
0.0019674988500000003	61.6248906	0.703633241
0.00201282203	56.4435069	0.678496241
0.00205814522	51.955822	0.646801826
0.0021034682200000003	49.3641128	0.616751769
0.0021487914000000003	44.6638972	0.581276438
0.0021941145900000003	42.3744456	0.560362523
0.00223943777	38.1199544	0.531690985
0.0022847607700000002	34.8428459	0.508446779
0.0023300839600000002	32.3488783	0.488907788
0.0023754071400000003	31.3190009	0.477027393
0.00242073014	30.0572097	0.463852164
0.00246605333	27.5501073	0.445957191
0.00251137652	26.2814382	0.434238352
0.0025566997	23.6781578	0.415471286
0.0026020227	22.3531768	0.403430345
0.00266245361	20.9258373	0.302092044
0.0027379920700000004	19.7339657	0.291377207
0.00281353071	17.72337	0.285907274
0.00288906917	16.0198021	0.278485281
0.0029646078100000004	15.1791838	0.27399511
0.0030401462700000003	14.1021773	0.267220862
0.0031156849100000003	12.756543	0.259325155
0.0031912233700000002	12.1796484	0.254379866
0.0032667622000000004	10.7114748	0.246378087
0.00334230065	9.97467326	0.238148341
0.0034178391099999998	9.55601063	0.226317358
0.0034933775700000005	8.80283584	0.216730033
0.0035689164000000002	8.14394588	0.209488601
0.00364445485	7.99450894	0.205131162
0.00371999331	7.16718283	0.198180859
0.0037955317600000004	6.85197468	0.193665059
0.0038710705900000006	6.47499046	0.189626905
0.00396171659	5.89363541	0.155936492
0.00406747088	5.59473848	0.151611397
0.00417322479	5.09216513	0.146923523
0.00427897871	4.78309366	0.142628852
0.004384732620000001	4.10433803	0.13717724
0.00449048653	4.07769707	0.134606371
0.00459624045	3.62162825	0.130057872
0.004701994730000001	3.32236559	0.126563541
0.004807748650000001	3.13309687	0.123933302
0.0049135025600000005	2.89732824	0.1211581
0.0050192564700000004	2.62537285	0.120187684
0.00512501039	2.48059004	0.12120542
0.0052307643	2.30102481	0.120348737
0.00535162613	2.02400515	0.104867318
0.0054875955	1.9911999	0.10408236
0.00562356487	1.80886828	0.10043766
0.00575953424	1.7274859	0.0970736693
0.00589550361	1.52748247	0.0947329267
0.006031472980000001	1.35537348	0.0927787281
0.00616744235	1.22354881	0.0905056702
0.006303411720000001	1.13641563	0.088813851
0.006439381090000001	1.13220811	0.0874906277
0.00659045875	1.02605758	0.0777196126
0.006756643210000001	0.883852991	0.0761398785
0.00692282841	0.861952055	0.0751425936
0.0070890128600000005	0.787777955	0.0739409744
0.00725519732	0.708314749	0.0728716338
0.00742138252	0.683138858	0.0717662313
0.00758756697	0.606126303	0.0704725216
0.00775375217	0.577603546	0.0692701488
0.00793504491	0.511995825	0.0625831985
0.0081314452	0.496754862	0.0615500069
0.00832784548	0.427694371	0.0604201091
0.00852424502	0.400021521	0.0595395672
0.00872064531	0.383221606	0.0586936905
0.00891704559	0.319104268	0.0577915458
0.00911344588	0.311527738	0.057124978
0.00932495371	0.288049591	0.052405568
0.009551569820000001	0.240462836	0.0515619102
0.00977818519	0.234803162	0.0508605361
0.010004801300000001	0.215787524	0.0501743038
0.0102314167	0.197241143	0.0495263405
0.010458032	0.174995478	0.0488771972
0.0106997557	0.166700133	0.0453144747
0.0109565869	0.146104223	0.0446715535
0.0112134181	0.136050053	0.0450441279
0.0114702493	0.125810451	0.0454202614
0.0117270797	0.131126562	0.0448393228
0.0119990192	0.105790545	0.0411141959
0.0122860655	0.0896965861	0.0402975186
0.0125731125	0.0956918213	0.0396356105
0.0128601581	0.0804967394	0.0390031892
0.013162311900000001	0.0951720156	0.0365627084
0.013479574000000001	0.0867701755	0.0369268111
0.013796836100000001	0.0743925855	0.037955208
0.0141140983	0.0649877666	0.0389496103
0.014446468700000001	0.066494163	0.037875816
0.0147939458	0.0682644837	0.0381834628
0.015141423000000001	0.0610365421	0.0385455247
0.0154889002	0.065473355	0.0388960341
0.0158514857	0.0544082671	0.0375686382
0.016229178	0.0488821232	0.0377772205
0.016606870300000003	0.0624859661	0.0379718901
0.0169845641	0.0405437204	0.0380879424
0.0173773646	0.0510278068	0.0367867306
0.017785272	0.041581286	0.0380505322
0.0181931809	0.0410188812	0.0395308015
0.0186161965	0.0349109376	0.0392629499
0.0190543205	0.0369948901	0.0405277191
0.019492442900000004	0.045632293	0.0430183773
0.0199456751	0.0298543327	0.0461934705
0.0204140142	0.0354274514	0.0505292425
0.020882353200000002	0.0321312309	0.0549976078
0.021365799	0.0368763081	0.0582289302
0.0218643546	0.0363156533	0.0653559535
0.022362908700000003	0.0321817442	0.0731972816
0.022876571100000003	0.0151180722	0.0799267213
0.0234053403	0.0263052488	0.093032047
0.023949217800000002	0.0190429255	0.107219252
0.0245082036	0.0226927086	0.124664073
0.025082296100000002	0.00476893242	0.150407986
0.025671497	0.0134600013	0.224929258
