q[nm-1]	I(q)[sr-1]_rebin(no_smoothing,TAPBdmpdaStandardLowQ_eiger2_18637_sub.dat_00001_[sub(TAPBdmpdaStandardLowQ_eiger2_18637_ave.h5_00001_[AN_3_30_37_PRM_90C]-TAPBdmpdaStandardLowQ_eiger2_18148_av_ave.h5_00001_[AN_3_30_36_PRM_90C])],1,0.0050)	error
0.00010925045900000001	-967556.5	1980.25464
0.000124358176	-69119.75	1069.71204
0.000139465882	-11062.875	632.448853
0.00015457359800000002	54783.625	383.70459
0.000169681304	12062.9844	229.550598
0.000184789021	-509.210938	152.752289
0.00019989672600000002	-3577.42578	109.806808
0.000215004431	-3869.90625	83.3640747
0.00023011216	-3291.27148	66.0587921
0.00024521986500000004	-2498.375	53.8053093
0.00026032757000000003	-1916.56934	44.7302551
0.000275435275	-1500.30078	37.92556
0.000290542981	-1461.42432	31.5009365
0.000305650709	-1184.24023	26.4632568
0.00032075841400000006	-1035.1377	22.4464874
0.00033586612	-893.858154	19.6439247
0.00035097382500000004	-789.244385	17.5378609
0.00036608155400000004	-641.316406	15.7702103
0.00038118925900000003	-533.265381	14.2135859
0.00039629698700000004	-458.34082	12.9339943
0.00041140466900000007	-393.348877	11.8737116
0.0004265123980000001	-355.227783	10.9077263
0.00044162008	-326.362671	10.050149
0.000456727808	-291.689941	9.32384109
0.000471835537	-261.339172	8.60737991
0.00048694321900000004	-239.300232	8.07190037
0.000502050947	-225.028564	7.56150103
0.000517158676	-176.202881	7.18762255
0.0005322663580000001	-156.566223	6.68456841
0.0005473740860000001	-141.678711	6.22122908
0.000562481768	-132.634705	5.75568104
0.000577589497	-128.438324	5.41314459
0.0005926972260000001	-119.520508	5.11099863
0.000607804907	-104.568054	4.82444477
0.000622912636	-89.3835449	4.59127235
0.000638020318	-82.3473816	4.30128956
0.000653128047	-78.96698	4.06186676
0.000668235775	-69.839325	3.89116764
0.000683343457	-63.837204	3.70702028
0.000698451186	-66.3044891	3.48330212
0.000713558914	-59.1598053	3.35022593
0.000728666596	-54.0354156	3.21627665
0.000743774325	-47.4246216	3.09861469
0.0007588820070000001	-45.9800873	2.96808338
0.0007739897350000001	-42.0661163	2.85027695
0.0007890974170000001	-47.1916962	2.66828132
0.000804205146	-39.6108856	2.61056685
0.000819312874	-36.6448212	2.49885321
0.0008344206030000001	-31.4826202	2.43258691
0.0008495283310000001	-31.8873444	2.34099793
0.0008646359669999999	-31.4193802	2.2631669
0.0008797436949999999	-27.2208099	2.1917429
0.000894851424	-29.2142715	2.06001902
0.000909959152	-25.4179001	2.02426052
0.0009250668809999999	-23.3920593	1.97048569
0.0009401745160000001	-24.6645813	1.88604236
0.000955282245	-18.4890823	1.88451779
0.000970389973	-18.4113235	1.80060816
0.0009854977020000001	-21.9653778	1.70903075
0.00100060543	-22.7729797	1.66845357
0.00101571307	-21.3020935	1.61283243
0.00103082079	-17.6985321	1.59240055
0.00104592852	-17.768898	1.53334904
0.00106103625	-14.3485756	1.50492561
0.00107614398	-13.1305237	1.45946109
0.00109125171	-13.4160233	1.41841042
0.00110635934	-13.5915718	1.36979663
0.00112146707	-12.1767006	1.3408519
0.0011365748	-10.6632919	1.31795335
0.00115168253	-10.9942093	1.27365601
0.00116679026	-10.4547081	1.2388171
0.0011818978900000002	-11.8849487	1.1906755
0.0011970056200000002	-10.6030922	1.18402672
0.0012121133500000002	-10.8359566	1.14349437
0.0012272210800000002	-9.17963409	1.1406517
0.0012423288100000002	-8.2528038	1.11527383
0.00125743644	-8.1749649	1.08415103
0.00127254417	-8.63072205	1.05165982
0.0012876519	-7.17433167	1.04267764
0.00130275963	-7.88608551	1.01193297
0.00131786736	-7.79687881	0.994027615
0.0013329749900000002	-6.32997704	0.986001492
0.0013480827200000002	-7.31057549	0.948313355
0.0013631904500000002	-5.67564392	0.94458884
0.0013782981800000002	-5.53051758	0.925478876
0.0013934059100000002	-4.77363586	0.912398219
0.0014085136400000002	-3.65939522	0.91218555
0.0014236212700000001	-5.40098	0.868154585
0.0014387290000000001	-4.81637955	0.862338781
0.0014538367300000001	-4.70610237	0.847478211
0.0014689444600000001	-4.12001991	0.836422265
0.00148405218	-4.81694031	0.814238548
0.00149915982	-5.07669258	0.810833395
0.00151426755	-4.11238098	0.797531307
0.00152937528	-3.90383148	0.78012532
0.00154448301	-3.64920044	0.774630904
0.0015595907300000001	-2.22221184	0.780454874
0.0015746984600000001	-5.12992859	0.737785399
0.0015898061900000001	-3.35494518	0.741212428
0.0016049139200000001	-3.87589073	0.721201718
0.00162002146	-3.18224812	0.722194731
0.00163512919	-2.9952898	0.713171124
0.00165023692	-2.67901993	0.711392999
0.00166534465	-3.09018326	0.689428151
0.00168045238	-3.61529732	0.681204677
0.00169556011	-2.60732269	0.687594593
0.00171066783	-3.88571453	0.653524637
0.00172577556	-3.45256901	0.649812579
0.00174088329	-1.45145512	0.672982097
0.00175599102	-2.50259876	0.643931329
0.00177109856	-2.83491516	0.635310411
0.00178620629	-2.30352306	0.636430621
0.00180131402	-2.12110233	0.630628824
0.00181642175	-1.85187721	0.626417994
0.00183152948	-2.59727383	0.60905993
0.0018466372000000002	-2.08113766	0.606307864
0.0018617449300000002	-2.13957977	0.603657961
0.0018768526600000002	-2.16784096	0.602395356
0.0018919603900000002	-2.41062641	0.595921814
0.0019070681200000002	-2.67639065	0.589659452
0.0019221758500000002	-1.84545803	0.600370884
0.00193728339	-1.52042103	0.60551101
0.0019674988500000003	-1.85595417	0.340911101
0.00201282203	-1.36847814	0.339368812
0.00205814522	-1.64202182	0.328675023
0.0021034682200000003	-1.28609689	0.316915723
0.0021487914000000003	-1.04460271	0.30953011
0.0021941145900000003	-1.09280825	0.300640647
0.00223943777	-1.11723455	0.29360909
0.0022847607700000002	-1.31054417	0.28489262
0.0023300839600000002	-1.36061112	0.277213516
0.0023754071400000003	-0.847723483	0.275566087
0.00242073014	-0.941375098	0.269454625
0.00246605333	-0.871940772	0.26530925
0.00251137652	-0.737343789	0.261984922
0.0025566997	-0.852133273	0.256324833
0.0026020227	-0.551141262	0.254328762
0.00266245361	-0.805886936	0.191604275
0.0027379920700000004	-0.535543537	0.188149856
0.00281353071	-0.462683343	0.189605828
0.00288906917	-0.52382555	0.187836864
0.0029646078100000004	-0.675124979	0.185464994
0.0030401462700000003	-0.510558367	0.184659992
0.0031156849100000003	-0.371201372	0.183648706
0.0031912233700000002	-0.365656233	0.181497847
0.0032667622000000004	-0.288266945	0.181320101
0.00334230065	-0.386155129	0.176502801
0.0034178391099999998	-0.405449772	0.169122365
0.0034933775700000005	-0.304757929	0.164542873
0.0035689164000000002	-0.435075426	0.160666234
0.00364445485	-0.297647524	0.158083831
0.00371999331	-0.35859766	0.155394919
0.0037955317600000004	-0.178860664	0.153940247
0.0038710705900000006	-0.207764673	0.151667353
0.00396171659	-0.276112965	0.126057583
0.00406747088	-0.143388884	0.123815743
0.00417322479	-0.238767147	0.120818364
0.00427897871	-0.175478441	0.118368477
0.004384732620000001	-0.0856085845	0.116094849
0.00449048653	-0.102040717	0.113664693
0.00459624045	-0.119112117	0.111202418
0.004701994730000001	-0.0994531427	0.109114152
0.004807748650000001	-0.09182196	0.107512592
0.0049135025600000005	-0.067946715	0.105893502
0.0050192564700000004	-0.0766230141	0.105972334
0.00512501039	-0.0726493682	0.107160013
0.0052307643	-0.0460344725	0.107300187
0.00535162613	-0.01134285	0.0945635179
0.0054875955	-0.0203580194	0.0938765706
0.00562356487	-0.0404920645	0.0911093213
0.00575953424	-0.0420957274	0.0882291278
0.00589550361	-0.073065963	0.0867249393
0.006031472980000001	-0.0742832289	0.0854467269
0.00616744235	-0.0389001635	0.0838858105
0.006303411720000001	-0.0907252696	0.0824275769
0.006439381090000001	-0.0339440836	0.0814205583
0.00659045875	0.00884386626	0.0727028131
0.006756643210000001	-0.0277824456	0.071557677
0.00692282841	-0.0624106255	0.07055817
0.0070890128600000005	-0.0170525475	0.0698068479
0.00725519732	-0.0995346253	0.068788162
0.00742138252	-0.0649910569	0.0678740608
0.00758756697	-0.0469431282	0.0668699605
0.00775375217	-0.0622272302	0.0657783975
0.00793504491	-0.0739705838	0.0595338519
0.0081314452	-0.0447858251	0.0586914946
0.00832784548	-0.0317616944	0.0578006289
0.00852424502	-0.0207102803	0.0570046777
0.00872064531	-0.0596429935	0.0561738554
0.00891704559	-0.0346734776	0.0555087529
0.00911344588	-0.0503811241	0.0548496924
0.00932495371	-0.0252061089	0.0504078741
0.009551569820000001	-0.041398863	0.0496809132
0.00977818519	-0.00518566966	0.0490774284
0.010004801300000001	-0.0251213868	0.048413232
0.0102314167	1.60515373e-05	0.0478697943
0.010458032	-0.0107405961	0.0472668422
0.0106997557	-0.00492696202	0.0438501774
0.0109565869	-0.00451634824	0.0432706497
0.0112134181	-0.0121769791	0.0436326876
0.0114702493	-0.0100806741	0.0440212443
0.0117270797	-0.0392627225	0.0433842341
0.0119990192	-0.0127750557	0.0398792549
0.0122860655	-0.0243287737	0.0390953593
0.0125731125	-0.0137076825	0.0384567631
0.0128601581	-0.0114287726	0.0378705771
0.013162311900000001	-0.0104546242	0.0354766723
0.013479574000000001	-0.0162119958	0.0358368122
0.013796836100000001	-0.0282741434	0.0368339599
0.0141140983	-0.015950171	0.0378406913
0.014446468700000001	-0.0112297966	0.0368023675
0.0147939458	-0.0153018845	0.0370902016
0.015141423000000001	-0.0157453894	0.0374531746
0.0154889002	-0.0183334299	0.0377766987
0.0158514857	-0.0145301095	0.0365148458
0.016229178	-0.0224014479	0.0367141241
0.016606870300000003	-0.0272795996	0.0368733653
0.0169845641	-0.0205614766	0.0370308353
0.0173773646	-0.0284527248	0.0357365781
0.017785272	-0.0293575779	0.0369776916
0.0181931809	-0.014427495	0.0384485365
0.0186161965	-0.0204763903	0.0381854577
0.0190543205	-0.0134420791	0.0394213111
0.019492442900000004	-0.0360962276	0.0417756021
0.0199456751	-0.024686094	0.0449256623
0.0204140142	-0.0208452304	0.0491369745
0.020882353200000002	-0.0182234334	0.0534967124
0.021365799	-0.0138732041	0.0566392968
0.0218643546	-0.0204769114	0.0635472147
0.022362908700000003	-0.00918004335	0.0712265424
0.022876571100000003	-0.00283701952	0.0778692151
0.0234053403	-0.0102760228	0.0905466367
0.023949217800000002	0.00208901819	0.10444364
0.0245082036	0.0173910022	0.121523462
0.025082296100000002	-0.00461701306	0.146566871
0.025671497	0.00201859371	0.219233698
