q[nm-1]	I(q)[sr-1]_rebin(no_smoothing,TAPBdmpdaStandardLowQ_eiger2_18445_sub.dat_00001_[sub(TAPBdmpdaStandardLowQ_eiger2_18445_ave.h5_00001_[AN_3_30_36_RXN_90C]-TAPBdmpdaStandardLowQ_eiger2_18148_av_ave.h5_00001_[AN_3_30_36_PRM_90C])],1,0.0050)	error
0.00010925045900000001	160246.25	2684.8645
0.000124358176	-56582.0	1090.80225
0.000139465882	-25607.625	646.141602
0.00015457359800000002	12381.0312	363.951691
0.000169681304	29230.9688	246.722183
0.000184789021	26625.9297	179.214066
0.00019989672600000002	25093.4219	140.550217
0.000215004431	22787.9922	114.63784
0.00023011216	21550.9375	97.3868179
0.00024521986500000004	19929.9648	83.7873154
0.00026032757000000003	18104.0469	73.2281494
0.000275435275	15875.8574	63.9956398
0.000290542981	13958.6885	54.9665451
0.000305650709	12979.8438	48.4207077
0.00032075841400000006	11727.3516	42.502121
0.00033586612	10602.2402	38.3573914
0.00035097382500000004	9777.75586	35.5774879
0.00036608155400000004	8806.69043	32.6554794
0.00038118925900000003	7923.22998	30.0494308
0.00039629698700000004	7237.93262	27.9274883
0.00041140466900000007	6666.82764	26.1027813
0.0004265123980000001	6141.54443	24.4734898
0.00044162008	5705.00684	23.059803
0.000456727808	5232.71582	21.6187611
0.000471835537	4855.93945	20.4052525
0.00048694321900000004	4494.58203	19.2819481
0.000502050947	4177.54736	18.2677765
0.000517158676	3901.32764	17.3040562
0.0005322663580000001	3635.72168	16.3808022
0.0005473740860000001	3416.93286	15.5856247
0.000562481768	3226.75586	14.8573275
0.000577589497	3018.79248	14.1590853
0.0005926972260000001	2816.52393	13.4962578
0.000607804907	2602.16577	12.769309
0.000622912636	2446.93506	12.1892719
0.000638020318	2364.27002	11.7848206
0.000653128047	2222.42749	11.2789669
0.000668235775	2063.16479	10.7274599
0.000683343457	1952.45422	10.310214
0.000698451186	1819.86926	9.8306818
0.000713558914	1717.1449	9.444561
0.000728666596	1633.31323	9.11066818
0.000743774325	1544.77173	8.75546646
0.0007588820070000001	1454.66345	8.4034586
0.0007739897350000001	1392.80298	8.13910007
0.0007890974170000001	1296.15601	7.76939821
0.000804205146	1234.8634	7.51155949
0.000819312874	1159.92004	7.19177485
0.0008344206030000001	1107.31934	6.96317005
0.0008495283310000001	1045.34546	6.71137667
0.0008646359669999999	977.614868	6.44103718
0.0008797436949999999	944.303894	6.27437067
0.000894851424	898.153381	6.05114603
0.000909959152	847.884705	5.84002399
0.0009250668809999999	786.022827	5.57791996
0.0009401745160000001	766.371643	5.46976662
0.000955282245	728.404724	5.28132391
0.000970389973	690.175049	5.09802771
0.0009854977020000001	659.192932	4.95377874
0.00100060543	614.830811	4.75430298
0.00101571307	589.816345	4.6305418
0.00103082079	562.980469	4.49099779
0.00104592852	535.51825	4.34519243
0.00106103625	510.44162	4.20919418
0.00107614398	481.433807	4.05880833
0.00109125171	460.380859	3.9466958
0.00110635934	445.691162	3.85240388
0.00112146707	426.407532	3.74074602
0.0011365748	400.251404	3.60161638
0.00115168253	386.227051	3.51302123
0.00116679026	370.31955	3.42054272
0.0011818978900000002	352.528259	3.32188535
0.0011970056200000002	336.364807	3.223557
0.0012121133500000002	319.996796	3.12845325
0.0012272210800000002	309.346985	3.06382871
0.0012423288100000002	292.979004	2.9625926
0.00125743644	282.203644	2.89677954
0.00127254417	269.69281	2.81022453
0.0012876519	259.955048	2.74413133
0.00130275963	249.398773	2.68201399
0.00131786736	236.338943	2.59311914
0.0013329749900000002	230.996262	2.55018926
0.0013480827200000002	218.985931	2.47433949
0.0013631904500000002	209.325531	2.40622473
0.0013782981800000002	204.624634	2.37053299
0.0013934059100000002	193.732117	2.29311371
0.0014085136400000002	184.683594	2.23169732
0.0014236212700000001	181.318054	2.20676279
0.0014387290000000001	171.499847	2.13567376
0.0014538367300000001	162.207047	2.06728029
0.0014689444600000001	159.172104	2.03587246
0.00148405218	153.713455	1.99644232
0.00149915982	146.633026	1.94931686
0.00151426755	143.994202	1.92079616
0.00152937528	137.471283	1.86755002
0.00154448301	129.62326	1.81083167
0.0015595907300000001	126.90831	1.78501391
0.0015746984600000001	120.013329	1.73981988
0.0015898061900000001	117.578537	1.7084614
0.0016049139200000001	115.572182	1.68516648
0.00162002146	110.240746	1.63687682
0.00163512919	107.545929	1.61639106
0.00165023692	103.518021	1.57936144
0.00166534465	101.655228	1.55466306
0.00168045238	96.2584076	1.51784253
0.00169556011	93.8376923	1.49739194
0.00171066783	90.5192413	1.4608618
0.00172577556	86.8179474	1.4283675
0.00174088329	85.5549698	1.41217315
0.00175599102	85.6313553	1.40734422
0.00177109856	81.5526352	1.37313747
0.00178620629	78.4653931	1.34418952
0.00180131402	74.8781891	1.31077278
0.00181642175	72.1185913	1.28607428
0.00183152948	69.8119659	1.2657373
0.0018466372000000002	68.2279968	1.24469125
0.0018617449300000002	66.6464005	1.22730732
0.0018768526600000002	64.6173859	1.2186805
0.0018919603900000002	63.7897491	1.2230562
0.0019070681200000002	61.1636925	1.20641541
0.0019221758500000002	58.9572792	1.19535208
0.00193728339	56.0714188	1.17027545
0.0019674988500000003	54.7268333	0.667970639
0.00201282203	50.3728981	0.644916479
0.00205814522	46.1682027	0.615661647
0.0021034682200000003	43.0262019	0.579997293
0.0021487914000000003	39.8102761	0.554857444
0.0021941145900000003	37.5629603	0.532319652
0.00223943777	34.7027168	0.511294022
0.0022847607700000002	32.6347593	0.492976959
0.0023300839600000002	29.6267166	0.470103731
0.0023754071400000003	28.4282475	0.458774324
0.00242073014	26.0597725	0.4394842
0.00246605333	23.9232775	0.423295587
0.00251137652	23.7305737	0.417828712
0.0025566997	21.9792995	0.402585619
0.0026020227	20.9413764	0.390814811
0.00266245361	18.8429546	0.290537492
0.0027379920700000004	17.4895138	0.279109087
0.00281353071	15.8487112	0.275212198
0.00288906917	13.9158882	0.266346602
0.0029646078100000004	13.5867689	0.263193541
0.0030401462700000003	11.7125729	0.253273203
0.0031156849100000003	10.9286659	0.24770398
0.0031912233700000002	10.4157896	0.243056236
0.0032667622000000004	9.46428261	0.237082802
0.00334230065	8.89251518	0.230121134
0.0034178391099999998	8.23866958	0.217628785
0.0034933775700000005	7.71166182	0.209196692
0.0035689164000000002	6.90171299	0.201454874
0.00364445485	6.55486059	0.196064184
0.00371999331	6.13937044	0.190624884
0.0037955317600000004	5.73989372	0.186220479
0.0038710705900000006	5.22250824	0.181294954
0.00396171659	4.89990548	0.149994126
0.00406747088	4.51579864	0.145447824
0.00417322479	3.7623617	0.139517805
0.00427897871	3.72959903	0.136601212
0.004384732620000001	3.43945193	0.13255336
0.00449048653	3.1202444	0.128752359
0.00459624045	2.84607291	0.125132369
0.004701994730000001	2.63066513	0.122057304
0.004807748650000001	2.33704686	0.119067731
0.0049135025600000005	2.11597375	0.116415566
0.0050192564700000004	1.98330685	0.116084082
0.00512501039	1.74224886	0.116352299
0.0052307643	1.71851477	0.116356863
0.00535162613	1.58416985	0.101803115
0.0054875955	1.36924748	0.10026442
0.00562356487	1.2078985	0.0967908104
0.00575953424	1.20268753	0.0937861096
0.00589550361	1.07664611	0.091854435
0.006031472980000001	0.975005561	0.0901625218
0.00616744235	0.823142111	0.0878585055
0.006303411720000001	0.858628941	0.0866413691
0.006439381090000001	0.795583765	0.0851553799
0.00659045875	0.704638535	0.0756306508
0.006756643210000001	0.674902537	0.0744365485
0.00692282841	0.652893505	0.0733988456
0.0070890128600000005	0.694040645	0.0726170282
0.00725519732	0.552351773	0.0714056936
0.00742138252	0.504363103	0.0702266162
0.00758756697	0.525331069	0.0691853511
0.00775375217	0.467834245	0.0679829003
0.00793504491	0.43343677	0.0614754225
0.0081314452	0.410242993	0.0604357934
0.00832784548	0.404438771	0.0594781713
0.00852424502	0.364399385	0.0585663501
0.00872064531	0.255811813	0.0575113461
0.00891704559	0.295793973	0.0569011179
0.00911344588	0.265310251	0.0561720101
0.00932495371	0.267047417	0.0515838675
0.009551569820000001	0.213646479	0.0507540307
0.00977818519	0.233917973	0.0500906476
0.010004801300000001	0.169169776	0.0493332839
0.0102314167	0.191748774	0.0487748962
0.010458032	0.17592928	0.0481477722
0.0106997557	0.149052348	0.0446008817
0.0109565869	0.124565844	0.0439650164
0.0112134181	0.145449171	0.044393508
0.0114702493	0.109966629	0.0447061647
0.0117270797	0.11926425	0.0441419882
0.0119990192	0.123770145	0.0405375896
0.0122860655	0.0957638943	0.0397076079
0.0125731125	0.093735247	0.0390410272
0.0128601581	0.0980072814	0.0384542868
0.013162311900000001	0.103013031	0.0360300154
0.013479574000000001	0.0747140469	0.036347261
0.013796836100000001	0.0801783112	0.0373926804
0.0141140983	0.0680667417	0.0383701403
0.014446468700000001	0.0772834886	0.0373265305
0.0147939458	0.0828958271	0.0376357844
0.015141423000000001	0.0577992078	0.0379616918
0.0154889002	0.0686445041	0.038311876
0.0158514857	0.0697590756	0.0370365746
0.016229178	0.06774683	0.0372402112
0.016606870300000003	0.0787611872	0.0374325441
0.0169845641	0.0650369	0.0375510103
0.0173773646	0.0607801041	0.0362520295
0.017785272	0.044555132	0.0374819099
0.0181931809	0.0511925855	0.0389552483
0.0186161965	0.0451131463	0.0386884682
0.0190543205	0.0432610936	0.039931376
0.019492442900000004	0.0388900895	0.0423543552
0.0199456751	0.0465845812	0.0455372249
0.0204140142	0.041700914	0.0497786238
0.020882353200000002	0.0336270131	0.0541747694
0.021365799	0.035213782	0.0573452497
0.0218643546	0.0329948502	0.0643549437
0.022362908700000003	0.0213297289	0.0720655372
0.022876571100000003	0.0336025419	0.0788051849
0.0234053403	0.0386260487	0.0916794669
0.023949217800000002	0.0145495917	0.105567341
0.0245082036	0.0271181987	0.122802338
0.025082296100000002	0.00779945686	0.148139701
0.025671497	0.0212437372	0.221694692
