q[nm-1]	I(q)[sr-1]_rebin(no_smoothing,TAPBdmpdaStandardLowQ_eiger2_18207_sub.dat_00001_[sub(TAPBdmpdaStandardLowQ_eiger2_18207_ave.h5_00001_[AN_3_30_36_RXN_90C]-TAPBdmpdaStandardLowQ_eiger2_18148_av_ave.h5_00001_[AN_3_30_36_PRM_90C])],1,0.0050)	error
0.00010925045900000001	248735.0	2737.48096
0.000124358176	16917.5	1140.64038
0.000139465882	-107664.375	615.330505
0.00015457359800000002	904.78125	364.670105
0.000169681304	-764.421875	225.9655
0.000184789021	1234.61719	159.22052
0.00019989672600000002	2657.56641	120.171844
0.000215004431	2362.41797	93.8592606
0.00023011216	2276.40039	76.054039
0.00024521986500000004	2159.19727	62.701252
0.00026032757000000003	2080.03125	52.868557
0.000275435275	1940.49219	45.2522697
0.000290542981	1744.30273	38.3362122
0.000305650709	1681.35693	32.6376381
0.00032075841400000006	1645.15869	28.3104782
0.00033586612	1649.72217	25.4273205
0.00035097382500000004	1614.17114	23.2741833
0.00036608155400000004	1579.64014	21.3150616
0.00038118925900000003	1565.75781	19.6882591
0.00039629698700000004	1552.4895	18.3453064
0.00041140466900000007	1555.27124	17.2587452
0.0004265123980000001	1512.11694	16.2310829
0.00044162008	1479.78625	15.3503656
0.000456727808	1451.50146	14.5676098
0.000471835537	1404.66943	13.7819834
0.00048694321900000004	1390.33276	13.2229261
0.000502050947	1387.57825	12.7324867
0.000517158676	1339.76404	12.1165314
0.0005322663580000001	1287.35437	11.5218878
0.0005473740860000001	1276.87988	11.0843096
0.000562481768	1249.07837	10.6120701
0.000577589497	1209.99072	10.2189436
0.0005926972260000001	1170.30884	9.82848167
0.000607804907	1160.39868	9.52366066
0.000622912636	1121.04126	9.14695549
0.000638020318	1086.8667	8.80289078
0.000653128047	1059.43311	8.51703739
0.000668235775	1037.1687	8.26816463
0.000683343457	1007.08752	8.01165867
0.000698451186	992.328247	7.81647253
0.000713558914	954.420532	7.53061247
0.000728666596	918.757324	7.29194498
0.000743774325	893.105286	7.08722925
0.0007588820070000001	862.333008	6.86597109
0.0007739897350000001	841.991699	6.67851686
0.0007890974170000001	805.295288	6.4422574
0.000804205146	780.025818	6.28080797
0.000819312874	756.191467	6.10127211
0.0008344206030000001	735.046814	5.9278183
0.0008495283310000001	711.91748	5.78354692
0.0008646359669999999	684.463196	5.61679363
0.0008797436949999999	662.731567	5.46105957
0.000894851424	638.61908	5.30629158
0.000909959152	614.587402	5.15989304
0.0009250668809999999	595.64325	5.02804279
0.0009401745160000001	574.011902	4.89244127
0.000955282245	547.189697	4.74303007
0.000970389973	518.658142	4.57028866
0.0009854977020000001	507.104431	4.47898722
0.00100060543	489.675812	4.36530828
0.00101571307	471.369995	4.24779415
0.00103082079	463.385803	4.18349266
0.00104592852	445.658752	4.0592165
0.00106103625	423.436707	3.92451096
0.00107614398	401.621826	3.79634643
0.00109125171	393.366699	3.73423052
0.00110635934	377.811737	3.62813497
0.00112146707	360.636719	3.51362896
0.0011365748	344.276978	3.41078281
0.00115168253	330.384094	3.32681513
0.00116679026	314.204407	3.22458053
0.0011818978900000002	305.456543	3.15978718
0.0011970056200000002	292.686615	3.07018161
0.0012121133500000002	284.771179	3.01169801
0.0012272210800000002	274.689911	2.94137549
0.0012423288100000002	261.121277	2.85319042
0.00125743644	246.119263	2.75174189
0.00127254417	240.022751	2.70808625
0.0012876519	229.907623	2.63535237
0.00130275963	216.925446	2.54732752
0.00131786736	211.109619	2.49718499
0.0013329749900000002	209.653458	2.47609234
0.0013480827200000002	198.829346	2.40299821
0.0013631904500000002	189.519958	2.3331356
0.0013782981800000002	182.468918	2.28331113
0.0013934059100000002	178.052673	2.24362111
0.0014085136400000002	167.547653	2.16412139
0.0014236212700000001	162.181213	2.12461329
0.0014387290000000001	156.034439	2.07347655
0.0014538367300000001	147.254089	2.00556302
0.0014689444600000001	145.836411	1.98748255
0.00148405218	142.332565	1.95672774
0.00149915982	131.489273	1.88474381
0.00151426755	126.44986	1.83888602
0.00152937528	124.770134	1.81395924
0.00154448301	121.126076	1.77850652
0.0015595907300000001	118.96434	1.75572598
0.0015746984600000001	108.728172	1.68949974
0.0015898061900000001	105.637177	1.65561104
0.0016049139200000001	105.496284	1.64154744
0.00162002146	101.858971	1.60890746
0.00163512919	97.1250153	1.57200098
0.00165023692	92.1525726	1.52574682
0.00166534465	89.0787354	1.49532938
0.00168045238	89.1374817	1.49304116
0.00169556011	86.1205902	1.46514666
0.00171066783	81.0471497	1.41745436
0.00172577556	80.578186	1.40564287
0.00174088329	77.76297	1.37527466
0.00175599102	74.9947586	1.34767461
0.00177109856	70.9403458	1.31762946
0.00178620629	67.41008	1.28118455
0.00180131402	68.1685333	1.28334641
0.00181642175	65.8165283	1.2533344
0.00183152948	64.4928055	1.24095964
0.0018466372000000002	61.7933426	1.21049905
0.0018617449300000002	60.4345779	1.19648135
0.0018768526600000002	59.492775	1.19894063
0.0018919603900000002	55.9017563	1.17679536
0.0019070681200000002	54.5479546	1.17112601
0.0019221758500000002	52.5612144	1.15641391
0.00193728339	49.5967865	1.13246584
0.0019674988500000003	48.0958023	0.644186621
0.00201282203	44.8266398	0.626596398
0.00205814522	40.2439193	0.594859176
0.0021034682200000003	38.0506694	0.564130548
0.0021487914000000003	34.6242282	0.535501833
0.0021941145900000003	32.147665	0.512689478
0.00223943777	29.6283881	0.491583962
0.0022847607700000002	28.0110474	0.476312604
0.0023300839600000002	25.3443076	0.453990506
0.0023754071400000003	23.7282359	0.438964922
0.00242073014	22.6520221	0.427431042
0.00246605333	20.8980281	0.412472967
0.00251137652	19.5906792	0.399567433
0.0025566997	18.0840378	0.386586327
0.0026020227	17.3561249	0.376146724
0.00266245361	15.7417345	0.280731468
0.0027379920700000004	15.1390816	0.271759091
0.00281353071	13.2137632	0.265654587
0.00288906917	11.8562393	0.260131953
0.0029646078100000004	11.2091707	0.254806367
0.0030401462700000003	10.4635468	0.250425996
0.0031156849100000003	9.37278309	0.242945539
0.0031912233700000002	8.72602997	0.237839795
0.0032667622000000004	8.17735224	0.234152372
0.00334230065	7.64982748	0.226040616
0.0034178391099999998	6.81639681	0.213216531
0.0034933775700000005	6.81205587	0.207673702
0.0035689164000000002	6.03810348	0.19964767
0.00364445485	6.03791685	0.196026987
0.00371999331	5.46266594	0.190484599
0.0037955317600000004	5.00242748	0.185232958
0.0038710705900000006	4.87411356	0.182082526
0.00396171659	4.38460316	0.149794862
0.00406747088	4.16205467	0.145994185
0.00417322479	3.55525061	0.140692182
0.00427897871	3.43323851	0.137161997
0.004384732620000001	3.15694697	0.133360968
0.00449048653	2.9785863	0.130055867
0.00459624045	2.82160715	0.126853684
0.004701994730000001	2.60592716	0.123618049
0.004807748650000001	2.45701712	0.121211621
0.0049135025600000005	2.18174859	0.11837993
0.0050192564700000004	2.02857748	0.117949361
0.00512501039	1.84331232	0.118637001
0.0052307643	1.792828	0.118482573
0.00535162613	1.55307983	0.103231921
0.0054875955	1.47195534	0.102208278
0.00562356487	1.30447856	0.0986889689
0.00575953424	1.32003036	0.0957354641
0.00589550361	1.26373568	0.0939443422
0.006031472980000001	1.0787218	0.0919100818
0.00616744235	0.996720619	0.089804357
0.006303411720000001	1.03890585	0.0886760582
0.006439381090000001	0.845179399	0.0866556121
0.00659045875	0.848834005	0.0772495105
0.006756643210000001	0.732728535	0.075805907
0.00692282841	0.655623257	0.0745853087
0.0070890128600000005	0.624893058	0.0735889852
0.00725519732	0.54398793	0.0725130304
0.00742138252	0.55089205	0.071505109
0.00758756697	0.526733393	0.0703274527
0.00775375217	0.510824919	0.0692070427
0.00793504491	0.433256493	0.0624735705
0.0081314452	0.374428864	0.0613006396
0.00832784548	0.34396073	0.0602862348
0.00852424502	0.300222214	0.0593606122
0.00872064531	0.285071568	0.0585364429
0.00891704559	0.23134315	0.0576538053
0.00911344588	0.27313629	0.0571419227
0.00932495371	0.242913091	0.0523822728
0.009551569820000001	0.188034904	0.0515242535
0.00977818519	0.187945424	0.0508251799
0.010004801300000001	0.176748645	0.0501700344
0.0102314167	0.157620752	0.049500055
0.010458032	0.143614306	0.0488776336
0.0106997557	0.146763728	0.0453330572
0.0109565869	0.124303729	0.0446874054
0.0112134181	0.104157017	0.045045772
0.0114702493	0.103700895	0.0454375347
0.0117270797	0.106907522	0.0448479469
0.0119990192	0.102623656	0.041168294
0.0122860655	0.0635525286	0.0403122417
0.0125731125	0.0774444914	0.0396649064
0.0128601581	0.0790199904	0.0390567212
0.013162311900000001	0.0634152172	0.0365613287
0.013479574000000001	0.0603909188	0.0369323811
0.013796836100000001	0.0817248488	0.0380213435
0.0141140983	0.0500275415	0.0389816985
0.014446468700000001	0.05465141	0.0379068868
0.0147939458	0.0531218045	0.0382112395
0.015141423000000001	0.0285175404	0.0385436199
0.0154889002	0.0385164353	0.0388967572
0.0158514857	0.0470320851	0.0376097951
0.016229178	0.0394505525	0.0378143394
0.016606870300000003	0.0437798274	0.0379979322
0.0169845641	0.0360356134	0.0381302454
0.0173773646	0.0173060894	0.0367784102
0.017785272	0.0468897596	0.038111031
0.0181931809	0.0360784365	0.0395744801
0.0186161965	0.025335176	0.0393011634
0.0190543205	0.0322026415	0.0405742045
0.019492442900000004	0.0427917985	0.0430697045
0.0199456751	0.0271689257	0.0462526099
0.0204140142	0.0304937422	0.0505894683
0.020882353200000002	0.029427189	0.0550763691
0.021365799	0.0111389626	0.0582461887
0.0218643546	0.0184791037	0.0653962572
0.022362908700000003	0.023458926	0.0732847771
0.022876571100000003	0.0152284265	0.0800402152
0.0234053403	0.00968046997	0.0930792963
0.023949217800000002	0.024328655	0.107413537
0.0245082036	0.0109698663	0.124748944
0.025082296100000002	0.0644201147	0.151055101
0.025671497	0.0357593686	0.225649355
