q[nm-1]	I(q)[sr-1]_rebin(no_smoothing,TAPBdmpdaStandardLowQ_eiger2_18613_sub.dat_00001_[sub(TAPBdmpdaStandardLowQ_eiger2_18613_ave.h5_00001_[AN_3_30_36_RXN_90C]-TAPBdmpdaStandardLowQ_eiger2_18148_av_ave.h5_00001_[AN_3_30_36_PRM_90C])],1,0.0050)	error
0.00010925045900000001	-811761.125	2109.27075
0.000124358176	-64787.25	1069.9502
0.000139465882	67853.5625	665.046631
0.00015457359800000002	96281.5625	401.60083
0.000169681304	54670.3438	257.21286
0.000184789021	41378.6562	186.42868
0.00019989672600000002	34850.7656	145.657837
0.000215004431	31007.0	120.003403
0.00023011216	28323.5352	102.193916
0.00024521986500000004	25344.625	87.912941
0.00026032757000000003	22485.5273	76.708725
0.000275435275	20605.834	68.5842896
0.000290542981	17914.1914	58.7918205
0.000305650709	16467.8984	51.7379265
0.00032075841400000006	14816.918	45.4889145
0.00033586612	12862.4395	40.5140686
0.00035097382500000004	11783.6152	37.5682182
0.00036608155400000004	10801.7627	34.7962341
0.00038118925900000003	9761.71875	32.1554794
0.00039629698700000004	8873.87695	29.9090786
0.00041140466900000007	8020.62061	27.721632
0.0004265123980000001	7356.09814	25.9648609
0.00044162008	6654.65186	24.2058372
0.000456727808	6074.96533	22.693634
0.000471835537	5595.6582	21.3219833
0.00048694321900000004	5256.46973	20.309145
0.000502050947	4900.80518	19.2860279
0.000517158676	4620.91504	18.3458557
0.0005322663580000001	4287.69678	17.3186302
0.0005473740860000001	4008.71948	16.4752636
0.000562481768	3715.43164	15.5712624
0.000577589497	3452.21338	14.8310852
0.0005926972260000001	3214.41162	14.1011496
0.000607804907	3038.86035	13.4780464
0.000622912636	2861.74023	12.8850861
0.000638020318	2676.50391	12.2865839
0.000653128047	2534.51636	11.8151484
0.000668235775	2376.47754	11.2858257
0.000683343457	2227.82275	10.7859659
0.000698451186	2127.83228	10.4301653
0.000713558914	1990.66895	9.95420647
0.000728666596	1875.63501	9.56081963
0.000743774325	1768.19971	9.18710518
0.0007588820070000001	1667.39978	8.82963467
0.0007739897350000001	1556.15906	8.43278217
0.0007890974170000001	1486.01587	8.16240311
0.000804205146	1394.28931	7.82573986
0.000819312874	1305.82019	7.50317001
0.0008344206030000001	1242.73999	7.24805641
0.0008495283310000001	1179.24951	6.99809027
0.0008646359669999999	1117.37378	6.75975084
0.0008797436949999999	1055.4436	6.50806093
0.000894851424	1001.29962	6.27902365
0.000909959152	963.873535	6.11044598
0.0009250668809999999	904.837952	5.86267805
0.0009401745160000001	871.888672	5.72419977
0.000955282245	826.83252	5.51997471
0.000970389973	782.454651	5.32755423
0.0009854977020000001	735.529297	5.1342783
0.00100060543	705.752197	5.00563097
0.00101571307	660.2099	4.79867077
0.00103082079	630.120422	4.65471029
0.00104592852	601.169495	4.52255154
0.00106103625	564.90625	4.3414712
0.00107614398	547.308716	4.23031759
0.00109125171	526.778442	4.13814545
0.00110635934	489.140167	3.96332479
0.00112146707	468.899902	3.85436416
0.0011365748	447.122192	3.73044729
0.00115168253	432.862793	3.65248156
0.00116679026	409.838654	3.53694987
0.0011818978900000002	384.116486	3.40093827
0.0011970056200000002	373.426605	3.34201932
0.0012121133500000002	356.342224	3.24378753
0.0012272210800000002	342.278137	3.1634984
0.0012423288100000002	323.896545	3.05811787
0.00125743644	310.763763	2.98146749
0.00127254417	302.041992	2.92103839
0.0012876519	291.497437	2.85242701
0.00130275963	273.492676	2.74849677
0.00131786736	260.033325	2.67201114
0.0013329749900000002	250.010666	2.60784793
0.0013480827200000002	241.656708	2.5519166
0.0013631904500000002	233.147064	2.48999143
0.0013782981800000002	225.107162	2.43536377
0.0013934059100000002	214.648651	2.36835027
0.0014085136400000002	205.501251	2.31158781
0.0014236212700000001	193.215881	2.22923303
0.0014387290000000001	190.854111	2.20662546
0.0014538367300000001	184.365158	2.16039419
0.0014689444600000001	175.365814	2.0979948
0.00148405218	168.760544	2.05064583
0.00149915982	160.6763	1.99676418
0.00151426755	154.815704	1.95173347
0.00152937528	150.212036	1.90982616
0.00154448301	150.150085	1.90346706
0.0015595907300000001	142.046341	1.84601259
0.0015746984600000001	135.907394	1.80603766
0.0015898061900000001	133.034225	1.77349675
0.0016049139200000001	127.581306	1.73054218
0.00162002146	122.892128	1.69512737
0.00163512919	116.83445	1.65088105
0.00165023692	112.842468	1.6183778
0.00166534465	111.301407	1.60226214
0.00168045238	105.914368	1.55914485
0.00169556011	101.807083	1.52785039
0.00171066783	100.012146	1.50974846
0.00172577556	97.482933	1.47957528
0.00174088329	93.8686752	1.44911861
0.00175599102	90.0350418	1.41830945
0.00177109856	86.6690292	1.38925719
0.00178620629	83.1468964	1.35624647
0.00180131402	79.8761292	1.32620859
0.00181642175	79.8054352	1.32294631
0.00183152948	79.0105591	1.31163609
0.0018466372000000002	77.2159653	1.29034734
0.0018617449300000002	72.0220032	1.24591577
0.0018768526600000002	72.7858582	1.26734376
0.0018919603900000002	71.067131	1.26035547
0.0019070681200000002	68.2715302	1.24255848
0.0019221758500000002	65.0023041	1.21732605
0.00193728339	63.9515076	1.21534634
0.0019674988500000003	59.7332192	0.680390042
0.00201282203	55.8723729	0.660540131
0.00205814522	51.9561984	0.6335893
0.0021034682200000003	46.8490257	0.590930662
0.0021487914000000003	44.6137734	0.569677719
0.0021941145900000003	40.6014735	0.541208154
0.00223943777	38.199276	0.521438685
0.0022847607700000002	34.9050433	0.498575076
0.0023300839600000002	33.9282481	0.4851106
0.0023754071400000003	31.4708958	0.467021907
0.00242073014	28.4996433	0.446018432
0.00246605333	26.7269936	0.432747539
0.00251137652	25.0126553	0.418380948
0.0025566997	23.3491504	0.404700068
0.0026020227	21.8220049	0.391334649
0.00266245361	20.1179577	0.291515663
0.0027379920700000004	18.7491898	0.28056667
0.00281353071	16.4838329	0.273913354
0.00288906917	15.3778793	0.269484945
0.0029646078100000004	14.6371855	0.265011223
0.0030401462700000003	13.1976843	0.257298424
0.0031156849100000003	11.7475021	0.248519026
0.0031912233700000002	11.0476631	0.243097805
0.0032667622000000004	9.79767608	0.235600378
0.00334230065	8.9688633	0.226616225
0.0034178391099999998	8.13547621	0.213986166
0.0034933775700000005	7.91824865	0.207115014
0.0035689164000000002	7.56124821	0.20158357
0.00364445485	6.88860769	0.194800536
0.00371999331	6.1936965	0.188457912
0.0037955317600000004	5.93902512	0.184407467
0.0038710705900000006	5.39055004	0.179196654
0.00396171659	5.19932604	0.149093489
0.00406747088	4.65160261	0.143837339
0.00417322479	4.15000098	0.139055461
0.00427897871	3.88941588	0.135267752
0.004384732620000001	3.54553751	0.130960977
0.00449048653	3.25679401	0.127252866
0.00459624045	2.76728392	0.122866779
0.004701994730000001	2.62405045	0.119979156
0.004807748650000001	2.35339117	0.117219195
0.0049135025600000005	2.09760897	0.114357335
0.0050192564700000004	2.01384652	0.114239341
0.00512501039	1.84487748	0.114826356
0.0052307643	1.7113274	0.114228525
0.00535162613	1.56593944	0.100098845
0.0054875955	1.32242711	0.0985028156
0.00562356487	1.32386026	0.0955969917
0.00575953424	1.20454036	0.0922053317
0.00589550361	1.03642948	0.0901450665
0.006031472980000001	0.881527193	0.0883015301
0.00616744235	0.861706204	0.0864924235
0.006303411720000001	0.821270645	0.0849855083
0.006439381090000001	0.738416433	0.0834974205
0.00659045875	0.746463765	0.0743954192
0.006756643210000001	0.635867227	0.0730228822
0.00692282841	0.612745789	0.0720421415
0.0070890128600000005	0.648012476	0.0712119824
0.00725519732	0.569744452	0.0702028699
0.00742138252	0.537965644	0.069086543
0.00758756697	0.504617382	0.0679584154
0.00775375217	0.470208862	0.0667946452
0.00793504491	0.401540495	0.06030158
0.0081314452	0.367731878	0.0592804045
0.00832784548	0.291754695	0.0581514589
0.00852424502	0.347784895	0.0574935789
0.00872064531	0.28876922	0.0565917446
0.00891704559	0.291125669	0.0558702978
0.00911344588	0.257647716	0.0551509879
0.00932495371	0.238290838	0.0505907277
0.009551569820000001	0.200259145	0.0498175343
0.00977818519	0.208721143	0.0491385467
0.010004801300000001	0.182301801	0.0484630256
0.0102314167	0.185341509	0.0478796051
0.010458032	0.166460735	0.0472589073
0.0106997557	0.151898873	0.0437949093
0.0109565869	0.135808684	0.0431891563
0.0112134181	0.131568557	0.0435572039
0.0114702493	0.116638155	0.0439097183
0.0117270797	0.0910299894	0.0432869572
0.0119990192	0.104875485	0.0397607197
0.0122860655	0.0923809441	0.0389828762
0.0125731125	0.0935274143	0.038326986
0.0128601581	0.0840537932	0.0377216309
0.013162311900000001	0.0801616035	0.0353339768
0.013479574000000001	0.0660514122	0.0356748619
0.013796836100000001	0.0583983886	0.0366697335
0.0141140983	0.0533643322	0.0376444603
0.014446468700000001	0.0654607791	0.0366265021
0.0147939458	0.0594769554	0.0369122163
0.015141423000000001	0.060085077	0.0372730997
0.0154889002	0.0599139948	0.037596848
0.0158514857	0.0535493523	0.03632806
0.016229178	0.0566453826	0.0365439997
0.016606870300000003	0.0598295665	0.036712796
0.0169845641	0.0328385782	0.0368104845
0.0173773646	0.0444074428	0.0355578861
0.017785272	0.0311455169	0.0367753654
0.0181931809	0.0437648169	0.0382250518
0.0186161965	0.0403273244	0.0379743028
0.0190543205	0.0313565939	0.0391744756
0.019492442900000004	0.0216027157	0.0415385796
0.0199456751	0.0358306347	0.0446743259
0.0204140142	0.0238919061	0.048828177
0.020882353200000002	0.0377201634	0.0531941018
0.021365799	0.017026441	0.0562445287
0.0218643546	0.0214702793	0.0631431832
0.022362908700000003	0.0130540364	0.0707027269
0.022876571100000003	0.0171515185	0.0772909691
0.0234053403	0.00437387835	0.0898518247
0.023949217800000002	0.00949698541	0.103590812
0.0245082036	0.0227840194	0.12049734
0.025082296100000002	-0.000419167223	0.145384999
0.025671497	0.000668399958	0.217482811
