q[nm-1]	I(q)[sr-1]_rebin(no_smoothing,TAPBdmpdaStandardLowQ_eiger2_18331_sub.dat_00001_[sub(TAPBdmpdaStandardLowQ_eiger2_18331_ave.h5_00001_[AN_3_30_36_RXN_90C]-TAPBdmpdaStandardLowQ_eiger2_18148_av_ave.h5_00001_[AN_3_30_36_PRM_90C])],1,0.0050)	error
0.00010925045900000001	299804.25	2759.04224
0.000124358176	-6111.5	1130.03918
0.000139465882	-122290.625	610.047791
0.00015457359800000002	-8324.9375	357.820007
0.000169681304	9401.98438	233.46347
0.000184789021	12547.2812	168.982361
0.00019989672600000002	13524.8359	130.840485
0.000215004431	13719.918	106.473816
0.00023011216	12933.582	88.8205948
0.00024521986500000004	12299.0137	75.9219971
0.00026032757000000003	11249.1631	65.5863495
0.000275435275	10848.7422	58.414299
0.000290542981	9807.83301	50.2502403
0.000305650709	9192.13086	44.0520439
0.00032075841400000006	8496.12012	38.7886543
0.00033586612	7974.59229	35.3665619
0.00035097382500000004	7337.05566	32.6113472
0.00036608155400000004	6735.84766	30.0544567
0.00038118925900000003	6250.21729	27.9219742
0.00039629698700000004	5828.25977	26.1244526
0.00041140466900000007	5365.91162	24.3725605
0.0004265123980000001	4947.36621	22.8141155
0.00044162008	4598.98828	21.4680634
0.000456727808	4291.79883	20.2625504
0.000471835537	3981.1731	19.087616
0.00048694321900000004	3741.56323	18.1473942
0.000502050947	3497.92529	17.2135658
0.000517158676	3212.87939	16.1880379
0.0005322663580000001	3044.81836	15.4142485
0.0005473740860000001	2916.07178	14.7803402
0.000562481768	2682.22021	13.9019918
0.000577589497	2526.98926	13.2970657
0.0005926972260000001	2410.70557	12.7953396
0.000607804907	2252.74463	12.1324997
0.000622912636	2144.62109	11.6539507
0.000638020318	2021.25635	11.1494761
0.000653128047	1899.3186	10.6531982
0.000668235775	1804.01636	10.2382374
0.000683343457	1713.11768	9.85133362
0.000698451186	1613.2666	9.44085026
0.000713558914	1530.98779	9.08140373
0.000728666596	1445.08813	8.71319294
0.000743774325	1377.5376	8.41686153
0.0007588820070000001	1295.46667	8.07456398
0.0007739897350000001	1240.9408	7.8261137
0.0007890974170000001	1157.2002	7.466681
0.000804205146	1095.74829	7.19204903
0.000819312874	1055.63916	6.97735786
0.0008344206030000001	1017.63763	6.78566313
0.0008495283310000001	949.18866	6.50285053
0.0008646359669999999	903.840332	6.30127335
0.0008797436949999999	853.564514	6.05343628
0.000894851424	814.409607	5.86133385
0.000909959152	772.48407	5.66618347
0.0009250668809999999	734.842896	5.47867012
0.0009401745160000001	693.486694	5.27286434
0.000955282245	665.859253	5.13651562
0.000970389973	631.405273	4.94952345
0.0009854977020000001	604.476746	4.81120062
0.00100060543	570.154419	4.65922737
0.00101571307	536.13446	4.47937059
0.00103082079	515.226501	4.36102581
0.00104592852	492.776428	4.23835993
0.00106103625	473.840179	4.11247873
0.00107614398	458.50174	4.01072264
0.00109125171	434.444214	3.87924838
0.00110635934	407.616089	3.73524737
0.00112146707	389.468506	3.63373327
0.0011365748	370.613037	3.51640177
0.00115168253	357.328766	3.42773819
0.00116679026	341.106781	3.33280087
0.0011818978900000002	328.024139	3.25396633
0.0011970056200000002	306.268677	3.12503791
0.0012121133500000002	295.081787	3.0592165
0.0012272210800000002	281.078125	2.96666193
0.0012423288100000002	268.996399	2.88544726
0.00125743644	257.736328	2.80893755
0.00127254417	245.369247	2.73286581
0.0012876519	233.662537	2.65415788
0.00130275963	225.636078	2.59511137
0.00131786736	216.10585	2.52582455
0.0013329749900000002	205.691422	2.45669627
0.0013480827200000002	196.428192	2.38966823
0.0013631904500000002	194.823914	2.36042142
0.0013782981800000002	186.060333	2.29416656
0.0013934059100000002	176.652679	2.22693014
0.0014085136400000002	170.157181	2.17933226
0.0014236212700000001	165.028748	2.14220572
0.0014387290000000001	156.000824	2.06908727
0.0014538367300000001	150.681152	2.02622724
0.0014689444600000001	143.576767	1.97227526
0.00148405218	141.703445	1.95184553
0.00149915982	135.501968	1.90412343
0.00151426755	128.502274	1.84828782
0.00152937528	124.678429	1.81631184
0.00154448301	117.409492	1.75511086
0.0015595907300000001	115.62767	1.73051584
0.0015746984600000001	113.34124	1.7162497
0.0015898061900000001	110.230072	1.67997694
0.0016049139200000001	106.230301	1.64507425
0.00162002146	102.499077	1.6126833
0.00163512919	99.1479492	1.57896435
0.00165023692	96.7388153	1.55604374
0.00166534465	92.4427032	1.51785779
0.00168045238	87.7537231	1.48275423
0.00169556011	85.2923279	1.45579457
0.00171066783	83.4257507	1.43271756
0.00172577556	81.4852142	1.41026318
0.00174088329	79.8536072	1.39226949
0.00175599102	75.8518448	1.35605443
0.00177109856	72.6641693	1.32562649
0.00178620629	72.1019592	1.3174665
0.00180131402	67.4819641	1.27441192
0.00181642175	65.7626495	1.25512016
0.00183152948	65.3330078	1.24678683
0.0018466372000000002	63.6523666	1.22148871
0.0018617449300000002	62.4435425	1.20990074
0.0018768526600000002	60.7610931	1.20650268
0.0018919603900000002	58.9858398	1.19800818
0.0019070681200000002	57.0679665	1.18781114
0.0019221758500000002	54.2959099	1.16434753
0.00193728339	55.0416412	1.17628396
0.0019674988500000003	51.6561445	0.659884372
0.00201282203	46.2344653	0.631709539
0.00205814522	42.676712	0.605805784
0.0021034682200000003	38.6548246	0.565589152
0.0021487914000000003	37.5109952	0.547917775
0.0021941145900000003	35.7674294	0.531021127
0.00223943777	32.0449181	0.503542166
0.0022847607700000002	29.9840393	0.486320181
0.0023300839600000002	28.9539604	0.472214084
0.0023754071400000003	26.130537	0.451178621
0.00242073014	24.5979106	0.436760438
0.00246605333	22.4335976	0.419787402
0.00251137652	21.258592	0.407838041
0.0025566997	20.9288985	0.401209526
0.0026020227	19.1076183	0.38559726
0.00266245361	17.862672	0.289752119
0.0027379920700000004	16.2763678	0.27687134
0.00281353071	14.7718756	0.272832525
0.00288906917	13.9012901	0.269520289
0.0029646078100000004	12.1920736	0.259957348
0.0030401462700000003	11.34848	0.254631727
0.0031156849100000003	10.4509888	0.247982429
0.0031912233700000002	9.35322971	0.24043048
0.0032667622000000004	9.35531235	0.239591985
0.00334230065	8.08070116	0.228343389
0.0034178391099999998	7.86716108	0.21812152
0.0034933775700000005	7.1123208	0.208840551
0.0035689164000000002	6.90079308	0.203652218
0.00364445485	6.33882589	0.197196029
0.00371999331	5.93605661	0.192283215
0.0037955317600000004	5.28126488	0.186302119
0.0038710705900000006	5.1014884	0.183006202
0.00396171659	4.70007474	0.151307313
0.00406747088	4.32988943	0.146487743
0.00417322479	3.99886394	0.142375555
0.00427897871	3.62220246	0.137966573
0.004384732620000001	3.06986329	0.132803591
0.00449048653	2.84488879	0.129199772
0.00459624045	2.79376285	0.126551456
0.004701994730000001	2.66906915	0.123898324
0.004807748650000001	2.21417888	0.120169257
0.0049135025600000005	2.08834822	0.117760616
0.0050192564700000004	2.03159545	0.117839532
0.00512501039	1.81723188	0.118324458
0.0052307643	1.61638343	0.11742608
0.00535162613	1.50183509	0.102886696
0.0054875955	1.34018702	0.101647028
0.00562356487	1.29953884	0.0986340727
0.00575953424	1.19190282	0.0951598984
0.00589550361	1.0672491	0.093135502
0.006031472980000001	0.991793156	0.0915332422
0.00616744235	0.99653593	0.0897540168
0.006303411720000001	0.840067301	0.0878581074
0.006439381090000001	0.80605495	0.0863918415
0.00659045875	0.744124911	0.0768677965
0.006756643210000001	0.676011096	0.0755823155
0.00692282841	0.692495146	0.0746811137
0.0070890128600000005	0.671502298	0.0736430445
0.00725519732	0.634407547	0.0726824909
0.00742138252	0.564215693	0.0714247901
0.00758756697	0.535818777	0.0702825094
0.00775375217	0.477638201	0.0690274032
0.00793504491	0.448698094	0.0624433117
0.0081314452	0.413131338	0.0613938186
0.00832784548	0.350407752	0.0602648434
0.00852424502	0.352067273	0.0594088939
0.00872064531	0.299623008	0.0585237956
0.00891704559	0.326383348	0.0578459652
0.00911344588	0.260818894	0.0570309279
0.00932495371	0.247130108	0.0523399644
0.009551569820000001	0.190864396	0.0514840543
0.00977818519	0.210000096	0.0508291677
0.010004801300000001	0.189299512	0.0501469919
0.0102314167	0.168227388	0.049482185
0.010458032	0.153658187	0.0488551967
0.0106997557	0.140625664	0.0452833522
0.0109565869	0.135887741	0.0446704721
0.0112134181	0.122930147	0.0450371899
0.0114702493	0.107705837	0.0454012046
0.0117270797	0.125500802	0.0448425368
0.0119990192	0.123447394	0.0411750998
0.0122860655	0.0825572344	0.0403057262
0.0125731125	0.095012126	0.0396535247
0.0128601581	0.110948693	0.0390741801
0.013162311900000001	0.0925960534	0.0365779551
0.013479574000000001	0.0787944269	0.0369276156
0.013796836100000001	0.0857062403	0.037992422
0.0141140983	0.0757398393	0.0389842584
0.014446468700000001	0.0781468354	0.0379101608
0.0147939458	0.0716490778	0.0382094154
0.015141423000000001	0.0687124354	0.0385802758
0.0154889002	0.0668946284	0.0389118563
0.0158514857	0.0606533766	0.0375960247
0.016229178	0.0647768867	0.0378249443
0.016606870300000003	0.0687867087	0.038001442
0.0169845641	0.0673771143	0.0381448929
0.0173773646	0.06284491	0.0368226656
0.017785272	0.0430699413	0.0380696159
0.0181931809	0.0460074726	0.0395584722
0.0186161965	0.0473391586	0.0393045887
0.0190543205	0.0527458777	0.0405755247
0.019492442900000004	0.0555822677	0.0430497137
0.0199456751	0.0459845915	0.046251133
0.0204140142	0.0317809064	0.0505484825
0.020882353200000002	0.0401087975	0.0550506811
0.021365799	0.0281456249	0.0582325764
0.0218643546	0.00870277304	0.065300964
0.022362908700000003	0.0336737318	0.0732382691
0.022876571100000003	0.0169447624	0.0799726669
0.0234053403	0.0298526062	0.0930711542
0.023949217800000002	0.00738366704	0.107197992
0.0245082036	0.0547241345	0.124922566
0.025082296100000002	0.0205194081	0.150578863
0.025671497	0.0497488528	0.225624942
