q[nm-1]	I(q)[sr-1]_rebin(no_smoothing,TAPBdmpdaStandardLowQ_eiger2_18607_sub.dat_00001_[sub(TAPBdmpdaStandardLowQ_eiger2_18607_ave.h5_00001_[AN_3_30_36_RXN_90C]-TAPBdmpdaStandardLowQ_eiger2_18148_av_ave.h5_00001_[AN_3_30_36_PRM_90C])],1,0.0050)	error
0.00010925045900000001	-794854.125	2119.4397
0.000124358176	-56286.125	1071.72974
0.000139465882	81607.1875	671.360779
0.00015457359800000002	94002.0938	400.579926
0.000169681304	54927.9531	257.412933
0.000184789021	42804.0078	187.59375
0.00019989672600000002	35142.6719	145.818954
0.000215004431	31524.6836	120.447639
0.00023011216	28755.1328	102.54528
0.00024521986500000004	26518.1133	89.1653214
0.00026032757000000003	23705.9219	78.0369186
0.000275435275	21387.0215	69.3268661
0.000290542981	19000.9414	59.8865013
0.000305650709	17062.4824	52.4102135
0.00032075841400000006	14883.0273	45.464138
0.00033586612	13586.5137	41.3626633
0.00035097382500000004	12224.5898	38.0683556
0.00036608155400000004	10953.3701	34.9454193
0.00038118925900000003	10007.0586	32.4201317
0.00039629698700000004	9021.36816	30.0316105
0.00041140466900000007	8095.73193	27.8325386
0.0004265123980000001	7351.47607	25.9470329
0.00044162008	6791.62451	24.3894043
0.000456727808	6308.64746	23.0512123
0.000471835537	5790.17188	21.6497536
0.00048694321900000004	5360.16895	20.4499607
0.000502050947	5015.3916	19.4660702
0.000517158676	4593.04199	18.2842636
0.0005322663580000001	4269.74805	17.2843037
0.0005473740860000001	4007.59839	16.4384365
0.000562481768	3744.99902	15.6350012
0.000577589497	3444.64526	14.7835321
0.0005926972260000001	3256.74268	14.1832733
0.000607804907	3025.73047	13.4401188
0.000622912636	2862.97412	12.8738909
0.000638020318	2712.00684	12.3542891
0.000653128047	2500.97925	11.7132807
0.000668235775	2367.64062	11.2578211
0.000683343457	2224.6333	10.776247
0.000698451186	2088.61646	10.3219357
0.000713558914	1960.66772	9.88127613
0.000728666596	1843.03711	9.48828125
0.000743774325	1734.2915	9.0963459
0.0007588820070000001	1628.74719	8.72077465
0.0007739897350000001	1542.38098	8.39513397
0.0007890974170000001	1462.11707	8.09422207
0.000804205146	1370.05176	7.76306343
0.000819312874	1308.99646	7.51135921
0.0008344206030000001	1247.61194	7.25587511
0.0008495283310000001	1170.59546	6.97307634
0.0008646359669999999	1108.14136	6.73355055
0.0008797436949999999	1052.47681	6.4985528
0.000894851424	997.010925	6.27253103
0.000909959152	936.456421	6.02651787
0.0009250668809999999	889.579224	5.82754421
0.0009401745160000001	845.502686	5.63249493
0.000955282245	805.741394	5.46033669
0.000970389973	763.772156	5.27074718
0.0009854977020000001	725.643311	5.10223961
0.00100060543	686.167236	4.93465614
0.00101571307	654.99585	4.77991104
0.00103082079	631.918945	4.65991545
0.00104592852	599.746155	4.5110445
0.00106103625	562.297363	4.33374548
0.00107614398	534.261963	4.19316769
0.00109125171	502.361511	4.03867579
0.00110635934	490.160126	3.96920562
0.00112146707	467.295044	3.8427608
0.0011365748	441.756348	3.71708179
0.00115168253	419.346954	3.59910965
0.00116679026	404.267456	3.51294231
0.0011818978900000002	386.062103	3.41063309
0.0011970056200000002	372.49472	3.33482552
0.0012121133500000002	353.150879	3.22561955
0.0012272210800000002	339.686676	3.15101171
0.0012423288100000002	322.010742	3.04844451
0.00125743644	311.395172	2.97968841
0.00127254417	296.950806	2.89182067
0.0012876519	285.279999	2.82066679
0.00130275963	269.413422	2.73895764
0.00131786736	257.638916	2.66784096
0.0013329749900000002	248.52739	2.59699655
0.0013480827200000002	237.638489	2.53317261
0.0013631904500000002	228.108856	2.46708894
0.0013782981800000002	220.635605	2.41262674
0.0013934059100000002	211.013214	2.35062146
0.0014085136400000002	201.434357	2.28914762
0.0014236212700000001	193.048935	2.23123765
0.0014387290000000001	187.240295	2.19069743
0.0014538367300000001	178.651367	2.13021016
0.0014689444600000001	171.006653	2.07462311
0.00148405218	168.955811	2.05873013
0.00149915982	159.472488	1.99225819
0.00151426755	151.955963	1.93717027
0.00152937528	146.764923	1.89404595
0.00154448301	146.778564	1.88239658
0.0015595907300000001	139.500626	1.82813776
0.0015746984600000001	133.4599	1.79308927
0.0015898061900000001	131.311813	1.76578534
0.0016049139200000001	122.090065	1.69860244
0.00162002146	120.269417	1.67766583
0.00163512919	119.564354	1.66717243
0.00165023692	113.974167	1.62914729
0.00166534465	107.30957	1.57173228
0.00168045238	104.38456	1.54731107
0.00169556011	101.973373	1.5280602
0.00171066783	98.2944946	1.49545109
0.00172577556	95.9571686	1.46515357
0.00174088329	94.2756348	1.44996178
0.00175599102	89.1962738	1.41175854
0.00177109856	86.3390427	1.38650787
0.00178620629	85.4379272	1.37067366
0.00180131402	82.7156525	1.34683025
0.00181642175	79.162796	1.31643319
0.00183152948	77.3107224	1.2993995
0.0018466372000000002	74.561676	1.27214777
0.0018617449300000002	71.6804504	1.24769771
0.0018768526600000002	70.406868	1.24938607
0.0018919603900000002	67.1181717	1.23057473
0.0019070681200000002	65.9963684	1.22461188
0.0019221758500000002	65.2231598	1.22282529
0.00193728339	61.4430389	1.19254982
0.0019674988500000003	58.7494494	0.676878059
0.00201282203	53.377856	0.650717085
0.00205814522	52.0790265	0.634872672
0.0021034682200000003	47.5652809	0.594923826
0.0021487914000000003	43.922095	0.566479512
0.0021941145900000003	41.2840881	0.542517594
0.00223943777	37.7903252	0.519508995
0.0022847607700000002	35.0843328	0.4995199
0.0023300839600000002	33.773454	0.485091519
0.0023754071400000003	30.2030328	0.459881761
0.00242073014	27.6002801	0.441669671
0.00246605333	26.2624588	0.429093787
0.00251137652	24.4937159	0.415297291
0.0025566997	22.8731594	0.40199979
0.0026020227	21.8278135	0.390382116
0.00266245361	20.1921963	0.291715976
0.0027379920700000004	18.2768116	0.278355264
0.00281353071	16.8229557	0.275486593
0.00288906917	15.2702846	0.268448437
0.0029646078100000004	13.6092653	0.260081801
0.0030401462700000003	12.3930079	0.252435463
0.0031156849100000003	11.7160322	0.248064561
0.0031912233700000002	10.8488216	0.241547095
0.0032667622000000004	9.66970367	0.234985221
0.00334230065	8.92435322	0.226667689
0.0034178391099999998	8.50054111	0.215689414
0.0034933775700000005	7.84394064	0.206418109
0.0035689164000000002	7.03531341	0.199027043
0.00364445485	6.51350126	0.192717486
0.00371999331	6.26086569	0.188711819
0.0037955317600000004	5.80584583	0.183563704
0.0038710705900000006	5.42366982	0.179564295
0.00396171659	4.90827561	0.147753966
0.00406747088	4.56916686	0.143299528
0.00417322479	4.09420919	0.138854372
0.00427897871	3.69396411	0.134224809
0.004384732620000001	3.13381641	0.129146632
0.00449048653	3.01709294	0.126198441
0.00459624045	2.88467268	0.123188502
0.004701994730000001	2.5695481	0.119622255
0.004807748650000001	2.23193705	0.116570619
0.0049135025600000005	2.11771168	0.114301411
0.0050192564700000004	1.94961161	0.113817122
0.00512501039	1.81570344	0.114687487
0.0052307643	1.78980941	0.114608674
0.00535162613	1.54958024	0.0998752474
0.0054875955	1.36084179	0.0984829565
0.00562356487	1.21961602	0.0951617074
0.00575953424	1.14343586	0.091907304
0.00589550361	1.01935275	0.0899779536
0.006031472980000001	0.891023735	0.0881632136
0.00616744235	0.928608683	0.0866182532
0.006303411720000001	0.781520426	0.0848106791
0.006439381090000001	0.738409042	0.0834031663
0.00659045875	0.7327374	0.074305024
0.006756643210000001	0.696373896	0.0731485821
0.00692282841	0.639713011	0.0720471012
0.0070890128600000005	0.585839109	0.070960682
0.00725519732	0.565997682	0.0701550946
0.00742138252	0.542586012	0.0690529504
0.00758756697	0.500782159	0.0678525604
0.00775375217	0.513390801	0.066838671
0.00793504491	0.420105806	0.0602654296
0.0081314452	0.344649397	0.0591286459
0.00832784548	0.343642464	0.0582215752
0.00852424502	0.332699776	0.0573570808
0.00872064531	0.290483211	0.0565263198
0.00891704559	0.269580891	0.05574639
0.00911344588	0.279311799	0.0551530236
0.00932495371	0.254565271	0.0505593834
0.009551569820000001	0.22156469	0.0498059409
0.00977818519	0.207253162	0.0490786725
0.010004801300000001	0.20367799	0.0484661049
0.0102314167	0.197936835	0.0478467126
0.010458032	0.174520626	0.0472259535
0.0106997557	0.144580622	0.0437394852
0.0109565869	0.126761984	0.0431297058
0.0112134181	0.12412616	0.0434955732
0.0114702493	0.101073698	0.0438274177
0.0117270797	0.0907763418	0.0432310959
0.0119990192	0.106950332	0.0397184012
0.0122860655	0.092794445	0.0389379788
0.0125731125	0.0938833167	0.0382843531
0.0128601581	0.0841295742	0.0376819832
0.013162311900000001	0.0789387744	0.0352904707
0.013479574000000001	0.078611386	0.0356529766
0.013796836100000001	0.0616895748	0.0366412762
0.0141140983	0.0561669725	0.0376114137
0.014446468700000001	0.0720346435	0.036596795
0.0147939458	0.0510491897	0.0368536343
0.015141423000000001	0.050962268	0.0372145512
0.0154889002	0.0594467702	0.0375544208
0.0158514857	0.0603980088	0.0363002326
0.016229178	0.0587011093	0.0365054406
0.016606870300000003	0.0544298071	0.0366676438
0.0169845641	0.0454217845	0.0367896379
0.0173773646	0.0371887739	0.035509011
0.017785272	0.0424548236	0.0367502914
0.0181931809	0.0230235772	0.0381491421
0.0186161965	0.0313955091	0.0379136161
0.0190543205	0.02449956	0.0391191464
0.019492442900000004	0.0164944745	0.0414856275
0.0199456751	0.00970660606	0.0445703038
0.0204140142	0.0231433023	0.0487746105
0.020882353200000002	0.0188923288	0.0530894023
0.021365799	0.0301517581	0.0562201484
0.0218643546	0.0203565457	0.0630646032
0.022362908700000003	0.0151878926	0.0706386463
0.022876571100000003	0.0145132718	0.0771835648
0.0234053403	0.00987463732	0.0897614653
0.023949217800000002	0.0235088615	0.103584275
0.0245082036	0.0235282975	0.120388572
0.025082296100000002	0.0083070022	0.145229673
0.025671497	0.0496483063	0.217673909
