q[nm-1]	I(q)[sr-1]_rebin(no_smoothing,TAPBdmpdaStandardLowQ_eiger2_18579_sub.dat_00001_[sub(TAPBdmpdaStandardLowQ_eiger2_18579_ave.h5_00001_[AN_3_30_36_RXN_90C]-TAPBdmpdaStandardLowQ_eiger2_18148_av_ave.h5_00001_[AN_3_30_36_PRM_90C])],1,0.0050)	error
0.00010925045900000001	-574698.25	2245.76099
0.000124358176	-19221.0	1078.828
0.000139465882	112557.188	684.780334
0.00015457359800000002	68325.7188	385.525879
0.000169681304	45189.5156	251.100311
0.000184789021	37190.5	183.115402
0.00019989672600000002	33566.0391	144.644699
0.000215004431	28885.2109	117.882523
0.00023011216	25665.2891	99.4174652
0.00024521986500000004	23348.1641	85.7503891
0.00026032757000000003	21110.9375	75.1474304
0.000275435275	18874.2578	66.3352661
0.000290542981	16911.2734	57.4581947
0.000305650709	15535.5234	50.5166092
0.00032075841400000006	13877.1855	44.322834
0.00033586612	12435.4785	40.0225983
0.00035097382500000004	11147.2705	36.7073555
0.00036608155400000004	10103.707	33.81147
0.00038118925900000003	9248.38672	31.3627625
0.00039629698700000004	8440.95703	29.2160015
0.00041140466900000007	7624.69385	27.1133766
0.0004265123980000001	6981.68994	25.3819675
0.00044162008	6326.49219	23.6856079
0.000456727808	5893.39648	22.4062405
0.000471835537	5449.78418	21.0592251
0.00048694321900000004	5060.20508	19.9295349
0.000502050947	4668.68018	18.8354969
0.000517158676	4304.63818	17.7613468
0.0005322663580000001	4018.7583	16.8486042
0.0005473740860000001	3771.4895	16.002615
0.000562481768	3609.47412	15.3828096
0.000577589497	3336.50488	14.5719957
0.0005926972260000001	3111.81567	13.8592005
0.000607804907	2934.12915	13.2453384
0.000622912636	2758.77344	12.6574984
0.000638020318	2613.44482	12.1370764
0.000653128047	2464.93652	11.6305838
0.000668235775	2306.6416	11.102581
0.000683343457	2149.2832	10.5927172
0.000698451186	2017.60974	10.147171
0.000713558914	1911.65796	9.75340176
0.000728666596	1807.00879	9.37015438
0.000743774325	1712.43579	9.02922821
0.0007588820070000001	1596.6156	8.6184206
0.0007739897350000001	1527.38623	8.34254074
0.0007890974170000001	1435.74536	8.00136948
0.000804205146	1354.28784	7.70125151
0.000819312874	1290.34692	7.44232225
0.0008344206030000001	1221.75195	7.17374372
0.0008495283310000001	1150.25659	6.90257788
0.0008646359669999999	1094.05408	6.67864799
0.0008797436949999999	1026.91016	6.4054203
0.000894851424	979.236023	6.20591879
0.000909959152	922.835693	5.96470261
0.0009250668809999999	882.361267	5.79349041
0.0009401745160000001	832.667969	5.5881629
0.000955282245	789.621765	5.40111971
0.000970389973	742.475342	5.18316078
0.0009854977020000001	717.658142	5.06992149
0.00100060543	677.172607	4.88645029
0.00101571307	650.470703	4.75141335
0.00103082079	619.776672	4.60654545
0.00104592852	582.353577	4.43537426
0.00106103625	553.800232	4.29146481
0.00107614398	528.542786	4.16099787
0.00109125171	505.786987	4.04718113
0.00110635934	479.02066	3.9112947
0.00112146707	456.027039	3.79583716
0.0011365748	442.527649	3.71043706
0.00115168253	424.515411	3.60884619
0.00116679026	399.58667	3.47887444
0.0011818978900000002	383.426056	3.39135623
0.0011970056200000002	370.128479	3.31712341
0.0012121133500000002	350.424866	3.20791411
0.0012272210800000002	331.890106	3.10568333
0.0012423288100000002	318.31012	3.02746725
0.00125743644	304.194	2.94583607
0.00127254417	294.407227	2.87981796
0.0012876519	283.841248	2.81167221
0.00130275963	266.870117	2.71422887
0.00131786736	257.892792	2.6590426
0.0013329749900000002	244.622086	2.57283235
0.0013480827200000002	234.330231	2.51124549
0.0013631904500000002	226.155701	2.45273471
0.0013782981800000002	218.705261	2.40172482
0.0013934059100000002	205.731903	2.31325197
0.0014085136400000002	203.187012	2.29472017
0.0014236212700000001	190.348541	2.20625997
0.0014387290000000001	185.23793	2.17204857
0.0014538367300000001	177.307953	2.11959791
0.0014689444600000001	168.201248	2.05137968
0.00148405218	164.700775	2.02341247
0.00149915982	158.147873	1.98161578
0.00151426755	152.599442	1.93262219
0.00152937528	146.127731	1.88538265
0.00154448301	141.864044	1.85027301
0.0015595907300000001	138.125412	1.81438315
0.0015746984600000001	131.75177	1.77781665
0.0015898061900000001	129.17572	1.7474339
0.0016049139200000001	129.313293	1.74101329
0.00162002146	119.811378	1.66485107
0.00163512919	118.827644	1.66109812
0.00165023692	113.244293	1.61674547
0.00166534465	107.837952	1.57349801
0.00168045238	102.412643	1.53215647
0.00169556011	99.8045044	1.5060991
0.00171066783	100.330658	1.50639606
0.00172577556	94.9389496	1.4584471
0.00174088329	93.0986404	1.44417048
0.00175599102	87.1632309	1.39435601
0.00177109856	83.6414642	1.36504424
0.00178620629	81.5861969	1.34326458
0.00180131402	81.1632843	1.3348887
0.00181642175	78.1796417	1.30475771
0.00183152948	76.1126175	1.28464723
0.0018466372000000002	74.9472275	1.2671591
0.0018617449300000002	72.0569153	1.24565768
0.0018768526600000002	68.7761459	1.23155129
0.0018919603900000002	67.3790207	1.22941864
0.0019070681200000002	66.4708405	1.22798049
0.0019221758500000002	63.9674873	1.20802224
0.00193728339	61.098877	1.18723631
0.0019674988500000003	58.5463753	0.672255774
0.00201282203	54.3086001	0.652161589
0.00205814522	50.8246511	0.627314187
0.0021034682200000003	47.2980423	0.591664169
0.0021487914000000003	42.7634735	0.559736819
0.0021941145900000003	40.2725868	0.537692901
0.00223943777	37.3377304	0.516047254
0.0022847607700000002	35.2127011	0.497977364
0.0023300839600000002	32.8135096	0.479019335
0.0023754071400000003	30.043239	0.458794451
0.00242073014	27.8577709	0.440886058
0.00246605333	26.7644412	0.429385802
0.00251137652	24.2345321	0.412192621
0.0025566997	23.3581015	0.402642756
0.0026020227	21.9560439	0.390489933
0.00266245361	20.3113422	0.291460193
0.0027379920700000004	18.2672806	0.277635555
0.00281353071	16.9350151	0.274318618
0.00288906917	15.0952343	0.266712097
0.0029646078100000004	14.6207033	0.263916776
0.0030401462700000003	12.8509176	0.254035075
0.0031156849100000003	11.8422131	0.247447142
0.0031912233700000002	11.2980358	0.242814377
0.0032667622000000004	10.0806696	0.236028639
0.00334230065	9.24414406	0.227319048
0.0034178391099999998	8.34877148	0.214288114
0.0034933775700000005	7.75340023	0.205663794
0.0035689164000000002	7.20905704	0.199158462
0.00364445485	6.56584806	0.192238045
0.00371999331	6.56071634	0.189261861
0.0037955317600000004	5.94212818	0.183813554
0.0038710705900000006	5.62004433	0.179587899
0.00396171659	5.07470247	0.147862343
0.00406747088	4.72892312	0.143249466
0.00417322479	4.20515388	0.138455851
0.00427897871	3.65234103	0.133482805
0.004384732620000001	3.5205979	0.130090156
0.00449048653	3.1093093	0.12608448
0.00459624045	2.939224	0.122856336
0.004701994730000001	2.61870728	0.119388269
0.004807748650000001	2.42056785	0.116727834
0.0049135025600000005	2.10718066	0.113758857
0.0050192564700000004	2.06888761	0.113867871
0.00512501039	1.86914274	0.11435512
0.0052307643	1.71031371	0.113648677
0.00535162613	1.52010429	0.0993253481
0.0054875955	1.30360193	0.0977520859
0.00562356487	1.12631471	0.0943311645
0.00575953424	1.20043984	0.0917718602
0.00589550361	0.983542462	0.0893862971
0.006031472980000001	0.917476866	0.0878720449
0.00616744235	0.947879871	0.086268631
0.006303411720000001	0.834777388	0.0845577935
0.006439381090000001	0.768063929	0.0830751241
0.00659045875	0.735193068	0.0740007899
0.006756643210000001	0.682212364	0.0727378298
0.00692282841	0.648085361	0.0717562287
0.0070890128600000005	0.605022864	0.0707254461
0.00725519732	0.570343868	0.069821786
0.00742138252	0.582266981	0.068801596
0.00758756697	0.525960646	0.0676219437
0.00775375217	0.465684484	0.0663919107
0.00793504491	0.397907427	0.0599381639
0.0081314452	0.388703819	0.0589629804
0.00832784548	0.378918038	0.0580206331
0.00852424502	0.326812483	0.0570772802
0.00872064531	0.316962506	0.0563251051
0.00891704559	0.306542406	0.055582272
0.00911344588	0.252098813	0.054821316
0.00932495371	0.26357402	0.0503396063
0.009551569820000001	0.212007848	0.0495341811
0.00977818519	0.235656975	0.0489181345
0.010004801300000001	0.193471843	0.0482027722
0.0102314167	0.168394488	0.0475647426
0.010458032	0.156753447	0.0469581247
0.0106997557	0.151616749	0.0435383531
0.0109565869	0.1440262	0.0429494509
0.0112134181	0.125746216	0.0432788694
0.0114702493	0.103990655	0.04361684
0.0117270797	0.0836870337	0.0430077322
0.0119990192	0.0931421519	0.0395075457
0.0122860655	0.0797423798	0.0387258564
0.0125731125	0.0929221268	0.0380964407
0.0128601581	0.0802959807	0.0374909712
0.013162311900000001	0.0693513084	0.035101843
0.013479574000000001	0.0765074853	0.0354765845
0.013796836100000001	0.070210989	0.0364721803
0.0141140983	0.0584874721	0.0374291858
0.014446468700000001	0.0506382863	0.0363802138
0.0147939458	0.0527060939	0.03667597
0.015141423000000001	0.0526308314	0.0370370413
0.0154889002	0.0645822332	0.0373775312
0.0158514857	0.0574591899	0.0361167966
0.016229178	0.0412677944	0.0362978073
0.016606870300000003	0.0541218072	0.0364802301
0.0169845641	0.0567388785	0.0366277803
0.0173773646	0.0485651868	0.0353536564
0.017785272	0.0453491368	0.0365739444
0.0181931809	0.030302245	0.0379721809
0.0186161965	0.037941518	0.0377425917
0.0190543205	0.0344392182	0.0389473745
0.019492442900000004	0.0217837494	0.0412895185
0.0199456751	0.0231086155	0.044377031
0.0204140142	0.0270345447	0.0485400777
0.020882353200000002	0.0254431761	0.0528376549
0.021365799	0.0204819109	0.0559162967
0.0218643546	0.0148508127	0.0627355326
0.022362908700000003	0.0129938924	0.0702705791
0.022876571100000003	0.0168548902	0.0768104621
0.0234053403	0.00860564463	0.0893223033
0.023949217800000002	0.012934985	0.102995884
0.0245082036	0.0093135882	0.119696801
0.025082296100000002	-0.0123402824	0.144402157
0.025671497	0.024187387	0.216558622
