q[nm-1]	I(q)[sr-1]_rebin(no_smoothing,TAPBdmpdaStandardLowQ_eiger2_18206_sub.dat_00001_[sub(TAPBdmpdaStandardLowQ_eiger2_18206_ave.h5_00001_[AN_3_30_36_RXN_90C]-TAPBdmpdaStandardLowQ_eiger2_18148_av_ave.h5_00001_[AN_3_30_36_PRM_90C])],1,0.0050)	error
0.00010925045900000001	203509.25	2701.40381
0.000124358176	-2255.75	1126.97937
0.000139465882	-114213.875	608.9375
0.00015457359800000002	-1920.375	360.917511
0.000169681304	-2124.76562	223.595383
0.000184789021	133.476562	157.23349
0.00019989672600000002	1954.19531	118.688812
0.000215004431	1937.96875	92.8868103
0.00023011216	1835.95898	75.0255356
0.00024521986500000004	1848.63086	61.9114952
0.00026032757000000003	1791.02637	52.0954971
0.000275435275	1572.28906	44.3156128
0.000290542981	1347.66602	37.3958778
0.000305650709	1407.22119	31.9733391
0.00032075841400000006	1415.47119	27.7340412
0.00033586612	1360.03809	24.7169075
0.00035097382500000004	1291.88599	22.4854317
0.00036608155400000004	1288.16846	20.5849113
0.00038118925900000003	1253.0415	18.859169
0.00039629698700000004	1249.18994	17.565733
0.00041140466900000007	1211.41602	16.3582382
0.0004265123980000001	1213.81274	15.4174891
0.00044162008	1239.97156	14.6959772
0.000456727808	1210.94678	13.8966064
0.000471835537	1178.20581	13.1220036
0.00048694321900000004	1166.56396	12.5900507
0.000502050947	1121.02112	11.97124
0.000517158676	1080.85315	11.3617125
0.0005322663580000001	1047.00305	10.8103418
0.0005473740860000001	1033.63318	10.3512545
0.000562481768	1015.0675	9.91831112
0.000577589497	977.294373	9.50265789
0.0005926972260000001	953.11377	9.15166473
0.000607804907	933.985229	8.80668163
0.000622912636	927.701294	8.5348177
0.000638020318	908.183899	8.23479462
0.000653128047	868.011963	7.89940405
0.000668235775	848.581787	7.66052341
0.000683343457	829.389282	7.43284559
0.000698451186	802.880371	7.19114065
0.000713558914	780.909546	6.96664476
0.000728666596	746.270874	6.70775652
0.000743774325	730.783875	6.5386157
0.0007588820070000001	701.222534	6.31782293
0.0007739897350000001	674.682983	6.09741306
0.0007890974170000001	669.31958	5.97935867
0.000804205146	644.981506	5.80041075
0.000819312874	625.960022	5.64534616
0.0008344206030000001	596.594727	5.43360138
0.0008495283310000001	579.727051	5.29820728
0.0008646359669999999	565.336182	5.18946409
0.0008797436949999999	544.608948	5.03280258
0.000894851424	525.215637	4.87426615
0.000909959152	509.498474	4.76012135
0.0009250668809999999	483.929382	4.59888792
0.0009401745160000001	467.493896	4.48488283
0.000955282245	446.710663	4.33416271
0.000970389973	438.160706	4.2464447
0.0009854977020000001	425.385132	4.15431786
0.00100060543	403.83432	4.02399158
0.00101571307	390.608826	3.91382074
0.00103082079	383.397858	3.84694338
0.00104592852	361.927155	3.70629191
0.00106103625	352.053558	3.62206292
0.00107614398	340.243774	3.52775717
0.00109125171	322.745972	3.41496444
0.00110635934	309.297028	3.32382655
0.00112146707	295.96283	3.22166896
0.0011365748	286.857971	3.1565969
0.00115168253	273.267242	3.06187701
0.00116679026	264.205841	2.98322463
0.0011818978900000002	256.940399	2.92639828
0.0011970056200000002	243.197845	2.83548594
0.0012121133500000002	234.813751	2.76414227
0.0012272210800000002	228.688324	2.70854497
0.0012423288100000002	219.296921	2.64200211
0.00125743644	205.989761	2.55133677
0.00127254417	201.415421	2.51081061
0.0012876519	193.102127	2.44183064
0.00130275963	186.125916	2.38785648
0.00131786736	178.535278	2.32758093
0.0013329749900000002	167.861694	2.25054145
0.0013480827200000002	160.197052	2.18877435
0.0013631904500000002	155.780273	2.14156294
0.0013782981800000002	151.857971	2.10683846
0.0013934059100000002	144.215759	2.04088426
0.0014085136400000002	141.251511	2.01699185
0.0014236212700000001	135.253693	1.96069908
0.0014387290000000001	132.038391	1.93083882
0.0014538367300000001	124.607704	1.87341368
0.0014689444600000001	120.565643	1.83246946
0.00148405218	118.414749	1.80955267
0.00149915982	111.442581	1.75412595
0.00151426755	109.672531	1.7347542
0.00152937528	104.561661	1.68435562
0.00154448301	101.194717	1.64558935
0.0015595907300000001	97.5583038	1.61400497
0.0015746984600000001	89.6527557	1.55965316
0.0015898061900000001	88.6702118	1.54179299
0.0016049139200000001	83.9748306	1.49192834
0.00162002146	83.4547195	1.48216164
0.00163512919	80.3646011	1.45518327
0.00165023692	79.1798401	1.43900466
0.00166534465	76.201889	1.40606165
0.00168045238	70.9084244	1.36231983
0.00169556011	69.0520782	1.33785892
0.00171066783	69.5320435	1.33705449
0.00172577556	65.1245041	1.29320538
0.00174088329	63.5698929	1.27064192
0.00175599102	62.8371239	1.25897968
0.00177109856	60.036087	1.23146331
0.00178620629	58.2474403	1.20516729
0.00180131402	57.8385582	1.20149422
0.00181642175	53.9700966	1.16447198
0.00183152948	51.2613678	1.13667059
0.0018466372000000002	50.9549866	1.1237601
0.0018617449300000002	49.9999695	1.11689878
0.0018768526600000002	46.8477783	1.09574866
0.0018919603900000002	45.7315063	1.09504747
0.0019070681200000002	45.1727409	1.08808196
0.0019221758500000002	44.3985214	1.07983601
0.00193728339	42.3761902	1.07351017
0.0019674988500000003	39.1004588	0.599077521
0.00201282203	36.7657928	0.58251648
0.00205814522	34.2844302	0.561235924
0.0021034682200000003	32.076973	0.530147543
0.0021487914000000003	29.2196884	0.503750371
0.0021941145900000003	26.7083708	0.480988043
0.00223943777	24.9391727	0.463849807
0.0022847607700000002	22.7910824	0.444851101
0.0023300839600000002	22.7171014	0.436808108
0.0023754071400000003	19.584781	0.413134833
0.00242073014	18.7113323	0.402443274
0.00246605333	17.5777416	0.38955996
0.00251137652	16.9776929	0.382207072
0.0025566997	15.6173884	0.369836691
0.0026020227	14.5438391	0.358330471
0.00266245361	13.2835726	0.267015263
0.0027379920700000004	12.4087551	0.258054186
0.00281353071	11.0641747	0.253894422
0.00288906917	10.2822699	0.249824637
0.0029646078100000004	9.60081425	0.245530046
0.0030401462700000003	8.50568275	0.238270546
0.0031156849100000003	8.37359981	0.236102032
0.0031912233700000002	7.01184645	0.226861603
0.0032667622000000004	6.42917376	0.222677335
0.00334230065	6.19885111	0.216731994
0.0034178391099999998	5.88657007	0.206984065
0.0034933775700000005	5.53600149	0.199376794
0.0035689164000000002	5.43808136	0.194708217
0.00364445485	4.98911705	0.188948541
0.00371999331	4.60579739	0.184340017
0.0037955317600000004	4.38538828	0.180296244
0.0038710705900000006	3.92994599	0.175791298
0.00396171659	3.54031178	0.145011751
0.00406747088	3.54167989	0.141962075
0.00417322479	3.08771757	0.137382171
0.00427897871	2.83287627	0.133318783
0.004384732620000001	2.65491809	0.129841732
0.00449048653	2.57669023	0.127091931
0.00459624045	2.277982	0.123198184
0.004701994730000001	2.2330073	0.120914016
0.004807748650000001	1.92696139	0.117816758
0.0049135025600000005	1.72431963	0.115147545
0.0050192564700000004	1.77932513	0.115739036
0.00512501039	1.66111757	0.116600933
0.0052307643	1.45920946	0.115624358
0.00535162613	1.32819744	0.101250236
0.0054875955	1.24214464	0.100296388
0.00562356487	1.11204922	0.0968909035
0.00575953424	1.01322223	0.0936136347
0.00589550361	0.93188091	0.0917104892
0.006031472980000001	0.845863905	0.090076825
0.00616744235	0.825454613	0.0882147283
0.006303411720000001	0.762679597	0.086733011
0.006439381090000001	0.755808751	0.0853289038
0.00659045875	0.670012669	0.07585162
0.006756643210000001	0.609674952	0.0745639183
0.00692282841	0.540820929	0.0734220232
0.0070890128600000005	0.50346277	0.0723944429
0.00725519732	0.407039919	0.0712791084
0.00742138252	0.413055236	0.0702932661
0.00758756697	0.443498725	0.0692772474
0.00775375217	0.359378007	0.0679932895
0.00793504491	0.345521409	0.0615018418
0.0081314452	0.293698861	0.0604257348
0.00832784548	0.266345748	0.0594041927
0.00852424502	0.254331254	0.0585710352
0.00872064531	0.19303063	0.0576372757
0.00891704559	0.258533157	0.0570689037
0.00911344588	0.219561829	0.0563192097
0.00932495371	0.191624848	0.0516564573
0.009551569820000001	0.153008735	0.0508566385
0.00977818519	0.180501908	0.0502322153
0.010004801300000001	0.134345669	0.0494919599
0.0102314167	0.119735845	0.0488489964
0.010458032	0.12748056	0.0482776499
0.0106997557	0.110906061	0.044746607
0.0109565869	0.108215906	0.0441427387
0.0112134181	0.097482719	0.0445120192
0.0114702493	0.0833793756	0.0448681975
0.0117270797	0.0862908065	0.0442861134
0.0119990192	0.064275871	0.0406303854
0.0122860655	0.069860925	0.0398541425
0.0125731125	0.0598662621	0.0391685142
0.0128601581	0.0666070094	0.0385799274
0.013162311900000001	0.0509837887	0.0361177527
0.013479574000000001	0.041776628	0.0364730126
0.013796836100000001	0.0567747411	0.0375374541
0.0141140983	0.0600663104	0.0385439421
0.014446468700000001	0.0529169751	0.0374606976
0.0147939458	0.036748833	0.0377412093
0.015141423000000001	0.0364221101	0.0381096461
0.0154889002	0.0401848211	0.0384494542
0.0158514857	0.0256377506	0.037135004
0.016229178	0.0326162833	0.0373633806
0.016606870300000003	0.0316155702	0.0375320824
0.0169845641	0.0242872041	0.0376629991
0.0173773646	0.0420495528	0.036392706
0.017785272	0.0285362717	0.0376372284
0.0181931809	0.0251675541	0.0391005843
0.0186161965	0.0215110273	0.0388365486
0.0190543205	0.0265373657	0.0400930164
0.019492442900000004	0.0185385873	0.0425237525
0.0199456751	0.02531801	0.0457129643
0.0204140142	0.0305171051	0.0499936554
0.020882353200000002	0.0133875182	0.0543915227
0.021365799	0.00764196817	0.0575518047
0.0218643546	0.0195312207	0.0646408707
0.022362908700000003	0.0212098059	0.07241274
0.022876571100000003	0.00370177797	0.0790649383
0.0234053403	0.017768289	0.0920471692
0.023949217800000002	0.013512694	0.106085638
0.0245082036	0.0401596452	0.123480754
0.025082296100000002	0.00232258694	0.148824426
0.025671497	-0.00316090116	0.222520846
