q[nm-1]	I(q)[sr-1]_rebin(no_smoothing,TAPBdmpdaStandardLowQ_eiger2_18498_sub.dat_00001_[sub(TAPBdmpdaStandardLowQ_eiger2_18498_ave.h5_00001_[AN_3_30_36_RXN_90C]-TAPBdmpdaStandardLowQ_eiger2_18148_av_ave.h5_00001_[AN_3_30_36_PRM_90C])],1,0.0050)	error
0.00010925045900000001	-111908.75	2484.47998
0.000124358176	52276.25	1104.44397
0.000139465882	76028.375	668.780884
0.00015457359800000002	51810.8125	376.339783
0.000169681304	43586.0938	250.966003
0.000184789021	35951.2109	182.509506
0.00019989672600000002	33062.0391	144.359009
0.000215004431	29141.1641	118.287376
0.00023011216	25670.5742	99.4843826
0.00024521986500000004	23334.6719	85.8003159
0.00026032757000000003	20428.0156	74.2600632
0.000275435275	18283.4766	65.5572586
0.000290542981	16401.7539	56.7533607
0.000305650709	14711.5684	49.4312096
0.00032075841400000006	13124.3066	43.2664642
0.00033586612	11898.707	39.2257156
0.00035097382500000004	10749.6709	36.1201553
0.00036608155400000004	9766.49609	33.2765465
0.00038118925900000003	8930.1582	30.8560753
0.00039629698700000004	8114.45508	28.6436348
0.00041140466900000007	7405.28174	26.6771793
0.0004265123980000001	6757.96338	24.9047775
0.00044162008	6180.52783	23.349329
0.000456727808	5666.71533	21.9140263
0.000471835537	5265.78809	20.6748772
0.00048694321900000004	4888.69238	19.5464611
0.000502050947	4585.0498	18.625803
0.000517158676	4243.50098	17.5881004
0.0005322663580000001	3953.0	16.6401138
0.0005473740860000001	3698.91724	15.7876539
0.000562481768	3464.61963	15.0199757
0.000577589497	3244.73755	14.3189869
0.0005926972260000001	3094.51904	13.7662497
0.000607804907	2907.49365	13.1281271
0.000622912636	2707.16602	12.4924698
0.000638020318	2561.64917	11.9829121
0.000653128047	2364.66357	11.3501177
0.000668235775	2236.44482	10.9225292
0.000683343457	2104.396	10.4496012
0.000698451186	2002.60535	10.0579834
0.000713558914	1882.35498	9.63704967
0.000728666596	1760.62268	9.22322655
0.000743774325	1668.33472	8.88332176
0.0007588820070000001	1574.52393	8.53690338
0.0007739897350000001	1481.59302	8.18904018
0.0007890974170000001	1389.00977	7.85763645
0.000804205146	1316.55237	7.57534552
0.000819312874	1240.30713	7.26970291
0.0008344206030000001	1188.50415	7.05578947
0.0008495283310000001	1136.74561	6.83286142
0.0008646359669999999	1076.96179	6.60093355
0.0008797436949999999	1005.66547	6.32082033
0.000894851424	954.6828	6.10197687
0.000909959152	918.939819	5.93893719
0.0009250668809999999	868.338501	5.72173977
0.0009401745160000001	818.073425	5.51102591
0.000955282245	773.244019	5.32692051
0.000970389973	733.997925	5.14671564
0.0009854977020000001	694.883057	4.96862078
0.00100060543	656.22168	4.8052721
0.00101571307	635.45166	4.69382095
0.00103082079	601.80188	4.52533388
0.00104592852	568.924194	4.37137747
0.00106103625	543.175354	4.24196339
0.00107614398	517.72406	4.10763884
0.00109125171	492.757385	3.98608065
0.00110635934	471.462555	3.87179875
0.00112146707	450.479126	3.76310921
0.0011365748	425.316772	3.63168812
0.00115168253	408.186157	3.53014588
0.00116679026	390.781555	3.430758
0.0011818978900000002	378.665955	3.36601424
0.0011970056200000002	357.142151	3.24983644
0.0012121133500000002	339.76004	3.1578207
0.0012272210800000002	323.58844	3.06019521
0.0012423288100000002	310.723633	2.9809823
0.00125743644	296.724487	2.90282369
0.00127254417	282.292053	2.81453037
0.0012876519	275.511353	2.76534605
0.00130275963	265.959564	2.70894957
0.00131786736	248.957993	2.59946418
0.0013329749900000002	246.591049	2.57717037
0.0013480827200000002	231.556824	2.48571968
0.0013631904500000002	221.614716	2.42209101
0.0013782981800000002	211.244431	2.34977102
0.0013934059100000002	205.018219	2.30563283
0.0014085136400000002	196.960312	2.25289845
0.0014236212700000001	190.25293	2.20448756
0.0014387290000000001	181.586746	2.14130521
0.0014538367300000001	176.361465	2.10372949
0.0014689444600000001	167.721649	2.04331064
0.00148405218	163.591797	2.00965762
0.00149915982	156.098373	1.95976269
0.00151426755	151.729904	1.92317784
0.00152937528	144.085114	1.86239827
0.00154448301	141.0271	1.840469
0.0015595907300000001	136.246658	1.80187678
0.0015746984600000001	127.084099	1.74279821
0.0015898061900000001	127.32251	1.73252642
0.0016049139200000001	125.001457	1.70853996
0.00162002146	115.551003	1.63619661
0.00163512919	113.743233	1.62507474
0.00165023692	107.950928	1.57617784
0.00166534465	106.289322	1.55368233
0.00168045238	104.915039	1.54510987
0.00169556011	97.1282349	1.48422456
0.00171066783	96.5077667	1.47508764
0.00172577556	91.7916718	1.4302603
0.00174088329	88.6160812	1.40884829
0.00175599102	82.7914047	1.35676789
0.00177109856	85.4382095	1.37262464
0.00178620629	80.7079926	1.33252299
0.00180131402	79.7928619	1.32176161
0.00181642175	75.5718689	1.28099668
0.00183152948	71.2301636	1.24521983
0.0018466372000000002	72.505394	1.25310946
0.0018617449300000002	69.0637131	1.2190932
0.0018768526600000002	69.2192535	1.2298975
0.0018919603900000002	66.556221	1.22345817
0.0019070681200000002	62.2476997	1.18982708
0.0019221758500000002	61.8373909	1.18705606
0.00193728339	61.0328979	1.1851064
0.0019674988500000003	57.0540606	0.664182913
0.00201282203	53.5522804	0.64586645
0.00205814522	49.2822138	0.618267416
0.0021034682200000003	45.2686361	0.579890944
0.0021487914000000003	42.831267	0.556708737
0.0021941145900000003	39.4876149	0.530731663
0.00223943777	36.0350202	0.506440455
0.0022847607700000002	33.8900121	0.489304317
0.0023300839600000002	32.0833193	0.47287511
0.0023754071400000003	29.3949795	0.452675736
0.00242073014	27.7463576	0.439458123
0.00246605333	25.9306259	0.42478368
0.00251137652	24.4107609	0.410979907
0.0025566997	23.1232338	0.400230699
0.0026020227	22.3524151	0.390094301
0.00266245361	19.6079903	0.286544232
0.0027379920700000004	18.249165	0.275620159
0.00281353071	16.3735342	0.270581893
0.00288906917	15.1169163	0.26522194
0.0029646078100000004	14.0957876	0.259199211
0.0030401462700000003	13.1003801	0.253713907
0.0031156849100000003	11.6158916	0.244886083
0.0031912233700000002	10.7655539	0.238803742
0.0032667622000000004	9.88668727	0.233799408
0.00334230065	9.08256168	0.225006234
0.0034178391099999998	8.90866909	0.215599546
0.0034933775700000005	8.16181326	0.205992449
0.0035689164000000002	7.37843437	0.198343116
0.00364445485	6.56841936	0.190987325
0.00371999331	6.24440565	0.186718683
0.0037955317600000004	6.06080799	0.18299076
0.0038710705900000006	5.51064625	0.178204506
0.00396171659	5.12874058	0.14697019
0.00406747088	4.69405958	0.142303407
0.00417322479	4.19184242	0.137687142
0.00427897871	3.84787038	0.133418999
0.004384732620000001	3.35952292	0.128727949
0.00449048653	3.13849283	0.12532855
0.00459624045	2.90676536	0.121923187
0.004701994730000001	2.45779409	0.117813657
0.004807748650000001	2.33923786	0.11563711
0.0049135025600000005	2.24763884	0.113443159
0.0050192564700000004	1.98758583	0.112652433
0.00512501039	1.7476034	0.112949699
0.0052307643	1.7466158	0.112960802
0.00535162613	1.47148555	0.0983898686
0.0054875955	1.35465093	0.097254929
0.00562356487	1.18138307	0.0937999778
0.00575953424	1.12287307	0.0906999813
0.00589550361	1.1356647	0.0892858013
0.006031472980000001	0.954348252	0.0873481994
0.00616744235	0.911401192	0.0854729123
0.006303411720000001	0.823713137	0.0839085095
0.006439381090000001	0.766145918	0.0824654988
0.00659045875	0.714543993	0.0733500308
0.006756643210000001	0.716961546	0.0723107659
0.00692282841	0.669352266	0.0712615866
0.0070890128600000005	0.653685429	0.0702966016
0.00725519732	0.542094605	0.0691888798
0.00742138252	0.57248937	0.068282592
0.00758756697	0.540472242	0.0671384399
0.00775375217	0.487107055	0.0659215618
0.00793504491	0.44642917	0.0596055006
0.0081314452	0.427629998	0.0586159862
0.00832784548	0.344201702	0.057519663
0.00852424502	0.296441775	0.0565806951
0.00872064531	0.31521476	0.055887488
0.00891704559	0.278363315	0.0550844387
0.00911344588	0.25109331	0.0543779926
0.00932495371	0.235059432	0.0498891445
0.009551569820000001	0.224672612	0.0491823346
0.00977818519	0.232159124	0.0485101462
0.010004801300000001	0.199802715	0.0478458145
0.0102314167	0.171961965	0.0471942871
0.010458032	0.187618999	0.0466514265
0.0106997557	0.15976578	0.0432150542
0.0109565869	0.144290382	0.0426038794
0.0112134181	0.146613201	0.0429821904
0.0114702493	0.120229507	0.0433031057
0.0117270797	0.108772564	0.0427244123
0.0119990192	0.0998235314	0.0392043033
0.0122860655	0.0989776434	0.0384506
0.0125731125	0.0945799194	0.037799729
0.0128601581	0.0843729024	0.0372003181
0.013162311900000001	0.0785910657	0.0348384536
0.013479574000000001	0.085443071	0.0352064189
0.013796836100000001	0.0698179014	0.036184522
0.0141140983	0.0757102569	0.0371614192
0.014446468700000001	0.0820209682	0.036140356
0.0147939458	0.0759292906	0.0364241749
0.015141423000000001	0.0668866362	0.0367666511
0.0154889002	0.0678687905	0.0370860259
0.0158514857	0.0655003822	0.0358432369
0.016229178	0.0585138899	0.0360375697
0.016606870300000003	0.0607353836	0.0362076816
0.0169845641	0.0512144124	0.0363323682
0.0173773646	0.045364025	0.03506566
0.017785272	0.047686799	0.0362890419
0.0181931809	0.0447999545	0.0376980935
0.0186161965	0.0425438138	0.0374434166
0.0190543205	0.0421677258	0.0386461331
0.019492442900000004	0.0426462164	0.0410025463
0.0199456751	0.0362133538	0.0440570191
0.0204140142	0.0439640214	0.0481870981
0.020882353200000002	0.0278230092	0.0524169263
0.021365799	0.0230491952	0.055475827
0.0218643546	0.03124835	0.0622961329
0.022362908700000003	0.016663578	0.0697235038
0.022876571100000003	0.02693854	0.0762339114
0.0234053403	0.0225641963	0.0886783125
0.023949217800000002	-0.0083497052	0.102077619
0.0245082036	0.0226222131	0.118818354
0.025082296100000002	-0.00931323909	0.143269676
0.025671497	0.0236940229	0.214535167
