q[nm-1]	I(q)[sr-1]_rebin(no_smoothing,TAPBdmpdaStandardLowQ_eiger2_18484_sub.dat_00001_[sub(TAPBdmpdaStandardLowQ_eiger2_18484_ave.h5_00001_[AN_3_30_36_RXN_90C]-TAPBdmpdaStandardLowQ_eiger2_18148_av_ave.h5_00001_[AN_3_30_36_PRM_90C])],1,0.0050)	error
0.00010925045900000001	-28547.0	2544.82666
0.000124358176	2031.75	1095.77979
0.000139465882	28366.875	651.738464
0.00015457359800000002	72740.2188	390.467865
0.000169681304	48047.9688	253.850922
0.000184789021	38129.4844	184.976929
0.00019989672600000002	33414.9766	145.163147
0.000215004431	28931.0234	118.243561
0.00023011216	25812.8125	100.032372
0.00024521986500000004	22873.4805	85.4838409
0.00026032757000000003	20775.5469	74.850975
0.000275435275	18764.4277	66.2826004
0.000290542981	16355.6904	56.842514
0.000305650709	14364.1777	49.108799
0.00032075841400000006	12988.248	43.2241211
0.00033586612	11909.2773	39.287384
0.00035097382500000004	10670.582	36.0359192
0.00036608155400000004	9595.11133	33.123024
0.00038118925900000003	8739.92578	30.6458912
0.00039629698700000004	8011.85352	28.5401669
0.00041140466900000007	7386.04346	26.7401333
0.0004265123980000001	6741.46729	24.9788532
0.00044162008	6171.86426	23.4149647
0.000456727808	5628.07861	21.8812618
0.000471835537	5273.25	20.7401237
0.00048694321900000004	4847.36719	19.5262165
0.000502050947	4524.24707	18.5458431
0.000517158676	4205.54004	17.543314
0.0005322663580000001	3935.18506	16.6444893
0.0005473740860000001	3683.41675	15.7994385
0.000562481768	3458.61035	15.0416489
0.000577589497	3241.32227	14.3614264
0.0005926972260000001	3038.76733	13.7061586
0.000607804907	2827.60645	13.0043983
0.000622912636	2660.77686	12.4213095
0.000638020318	2486.54639	11.8223963
0.000653128047	2352.58447	11.3560905
0.000668235775	2221.57324	10.8939304
0.000683343457	2083.37354	10.4259882
0.000698451186	1952.99353	9.96923256
0.000713558914	1844.60815	9.57843876
0.000728666596	1728.77551	9.17492104
0.000743774325	1644.47729	8.85230064
0.0007588820070000001	1561.42188	8.52523232
0.0007739897350000001	1472.58435	8.18694878
0.0007890974170000001	1393.9165	7.88492632
0.000804205146	1323.08752	7.60710526
0.000819312874	1252.17993	7.32623339
0.0008344206030000001	1179.51794	7.03944302
0.0008495283310000001	1104.83325	6.75570488
0.0008646359669999999	1049.64648	6.53426123
0.0008797436949999999	993.93219	6.29344845
0.000894851424	947.745911	6.10015583
0.000909959152	890.987488	5.86395931
0.0009250668809999999	848.30304	5.67359972
0.0009401745160000001	808.856018	5.49804354
0.000955282245	772.508728	5.33246565
0.000970389973	734.221497	5.14835215
0.0009854977020000001	694.586121	4.97530174
0.00100060543	655.513794	4.80636787
0.00101571307	629.244202	4.6797719
0.00103082079	590.108093	4.49393511
0.00104592852	569.396179	4.39105844
0.00106103625	538.320312	4.23064756
0.00107614398	515.046753	4.10993814
0.00109125171	489.513733	3.97500086
0.00110635934	471.401703	3.8756969
0.00112146707	450.586853	3.76499605
0.0011365748	425.55719	3.62797666
0.00115168253	405.216949	3.52132344
0.00116679026	388.558289	3.43563247
0.0011818978900000002	369.296722	3.33126879
0.0011970056200000002	353.841553	3.24009275
0.0012121133500000002	342.364227	3.16813159
0.0012272210800000002	324.765411	3.06658101
0.0012423288100000002	315.065247	3.00382233
0.00125743644	302.582184	2.92793202
0.00127254417	284.132202	2.82280445
0.0012876519	273.954651	2.76211214
0.00130275963	258.252563	2.66681933
0.00131786736	248.33989	2.60353351
0.0013329749900000002	242.780167	2.56571698
0.0013480827200000002	234.131134	2.50438428
0.0013631904500000002	222.833313	2.42765641
0.0013782981800000002	210.240112	2.35014606
0.0013934059100000002	205.997253	2.31564784
0.0014085136400000002	196.860245	2.25614643
0.0014236212700000001	188.414291	2.19930553
0.0014387290000000001	183.63913	2.15753317
0.0014538367300000001	175.492676	2.09953666
0.0014689444600000001	168.04277	2.04670405
0.00148405218	159.518326	1.98964357
0.00149915982	153.458374	1.95230782
0.00151426755	149.771317	1.91510224
0.00152937528	145.404938	1.8806597
0.00154448301	136.835327	1.81526673
0.0015595907300000001	135.501434	1.79523039
0.0015746984600000001	130.345886	1.76545787
0.0015898061900000001	123.746964	1.71139824
0.0016049139200000001	119.055382	1.67098081
0.00162002146	115.993462	1.64896059
0.00163512919	111.079552	1.60928285
0.00165023692	108.685883	1.58607829
0.00166534465	105.845734	1.55667543
0.00168045238	103.94603	1.54556668
0.00169556011	95.5888519	1.47648704
0.00171066783	93.3355865	1.45482624
0.00172577556	91.683403	1.43393326
0.00174088329	89.7779541	1.41636693
0.00175599102	86.1515579	1.38490081
0.00177109856	83.5732651	1.36162424
0.00178620629	82.4138489	1.34515715
0.00180131402	78.1659088	1.30601978
0.00181642175	75.9894409	1.28730512
0.00183152948	73.1328735	1.2611829
0.0018466372000000002	72.3533936	1.24849248
0.0018617449300000002	70.4259415	1.22833586
0.0018768526600000002	67.0871429	1.21766508
0.0018919603900000002	64.8753738	1.20934331
0.0019070681200000002	64.6692047	1.21254456
0.0019221758500000002	60.2579842	1.17675102
0.00193728339	60.4299622	1.18136477
0.0019674988500000003	57.4243202	0.66731977
0.00201282203	53.133976	0.64595415
0.00205814522	48.3106957	0.614048933
0.0021034682200000003	45.3858312	0.581627851
0.0021487914000000003	42.192571	0.555540912
0.0021941145900000003	39.0643908	0.53035291
0.00223943777	36.8324102	0.51177048
0.0022847607700000002	33.9085146	0.489999737
0.0023300839600000002	31.5822538	0.471333562
0.0023754071400000003	29.8214817	0.455218558
0.00242073014	27.7893403	0.440050249
0.00246605333	26.0862382	0.425916992
0.00251137652	24.0433381	0.410484834
0.0025566997	22.6091232	0.39757706
0.0026020227	21.0007763	0.383678507
0.00266245361	19.6773826	0.287555645
0.0027379920700000004	18.5762661	0.278232735
0.00281353071	16.7209392	0.272745362
0.00288906917	15.095602	0.266501145
0.0029646078100000004	13.787388	0.258753167
0.0030401462700000003	12.6801569	0.252487007
0.0031156849100000003	11.7387871	0.246073452
0.0031912233700000002	10.7594917	0.239284158
0.0032667622000000004	10.1976091	0.235868422
0.00334230065	9.06356106	0.22565422
0.0034178391099999998	8.11738625	0.211946427
0.0034933775700000005	7.8202302	0.205123432
0.0035689164000000002	7.3878212	0.198941211
0.00364445485	6.82140131	0.192920734
0.00371999331	6.19533052	0.186898272
0.0037955317600000004	5.7130537	0.18182959
0.0038710705900000006	5.61364822	0.179042629
0.00396171659	5.00976263	0.146852626
0.00406747088	4.68957458	0.142791195
0.00417322479	4.15399007	0.137704796
0.00427897871	3.79503884	0.133479676
0.004384732620000001	3.61817261	0.129996776
0.00449048653	3.22144587	0.125992022
0.00459624045	2.98535616	0.122495162
0.004701994730000001	2.7540024	0.119319011
0.004807748650000001	2.49310214	0.116665168
0.0049135025600000005	2.2674412	0.113934485
0.0050192564700000004	1.97569253	0.112909454
0.00512501039	1.8539153	0.11376303
0.0052307643	1.78772329	0.113483217
0.00535162613	1.5856073	0.0990982712
0.0054875955	1.36634137	0.0975433602
0.00562356487	1.31459147	0.0946544989
0.00575953424	1.17658148	0.0911917985
0.00589550361	1.04224167	0.0891786387
0.006031472980000001	1.01723594	0.0878108943
0.00616744235	0.95868447	0.0858838499
0.006303411720000001	0.846693284	0.0841651651
0.006439381090000001	0.808622002	0.082816919
0.00659045875	0.701810349	0.0735040832
0.006756643210000001	0.688916347	0.0723981922
0.00692282841	0.645336666	0.0713362046
0.0070890128600000005	0.613476992	0.0704021094
0.00725519732	0.564303436	0.0694453776
0.00742138252	0.573194742	0.0684889985
0.00758756697	0.548321729	0.0673614239
0.00775375217	0.499781197	0.0661673881
0.00793504491	0.425759182	0.0597171645
0.0081314452	0.415511388	0.0587451693
0.00832784548	0.379799444	0.0577441639
0.00852424502	0.345126221	0.0568609893
0.00872064531	0.286515807	0.0559537268
0.00891704559	0.341604054	0.0553818118
0.00911344588	0.270047697	0.0545833413
0.00932495371	0.258324194	0.0500824929
0.009551569820000001	0.219606884	0.0493056956
0.00977818519	0.235380387	0.048668184
0.010004801300000001	0.217565238	0.0480113877
0.0102314167	0.185106083	0.0473521007
0.010458032	0.177149171	0.0467651608
0.0106997557	0.155740763	0.0433263162
0.0109565869	0.157918288	0.0427581295
0.0112134181	0.126731787	0.0430764947
0.0114702493	0.0911369867	0.043377689
0.0117270797	0.116522326	0.0428527954
0.0119990192	0.101818365	0.0393162301
0.0122860655	0.10300872	0.0385659647
0.0125731125	0.103851167	0.0379186612
0.0128601581	0.0941653486	0.037328658
0.013162311900000001	0.0923100149	0.0349647558
0.013479574000000001	0.0897532219	0.0353192042
0.013796836100000001	0.0731483605	0.0362953987
0.0141140983	0.0632912318	0.0372439129
0.014446468700000001	0.0712667541	0.0362267758
0.0147939458	0.0731609412	0.0365245048
0.015141423000000001	0.0657952946	0.036874237
0.0154889002	0.0674312743	0.0371946093
0.0158514857	0.0672991431	0.0359483879
0.016229178	0.0582456946	0.0361434685
0.016606870300000003	0.0603878558	0.0363115528
0.0169845641	0.0680652266	0.0364647272
0.0173773646	0.0464851371	0.0351672724
0.017785272	0.0490147019	0.0363930785
0.0181931809	0.0458005007	0.0378053029
0.0186161965	0.0426438723	0.0375529543
0.0190543205	0.0330529411	0.0387396387
0.019492442900000004	0.0466285582	0.0411319754
0.0199456751	0.041049728	0.0441953574
0.0204140142	0.0467954309	0.0483385134
0.020882353200000002	0.0332863862	0.0525888282
0.021365799	0.0247248722	0.0556433788
0.0218643546	0.0204962579	0.062433667
0.022362908700000003	0.0328681467	0.0699850579
0.022876571100000003	0.0208588397	0.076435022
0.0234053403	0.0119363277	0.0888628967
0.023949217800000002	0.0244230844	0.102526504
0.0245082036	0.0206065842	0.119168753
0.025082296100000002	0.0172834541	0.1438631
0.025671497	-0.00791643332	0.214926658
