q[nm-1]	I(q)[sr-1]_rebin(no_smoothing,TAPBdmpdaStandardLowQ_eiger2_18435_sub.dat_00001_[sub(TAPBdmpdaStandardLowQ_eiger2_18435_ave.h5_00001_[AN_3_30_36_RXN_90C]-TAPBdmpdaStandardLowQ_eiger2_18148_av_ave.h5_00001_[AN_3_30_36_PRM_90C])],1,0.0050)	error
0.00010925045900000001	160780.5	2701.01562
0.000124358176	-61910.25	1094.73254
0.000139465882	-49506.0	634.810547
0.00015457359800000002	26241.0938	375.331116
0.000169681304	31313.625	248.844238
0.000184789021	27277.4453	180.18634
0.00019989672600000002	26185.5938	141.822464
0.000215004431	23736.9609	115.986252
0.00023011216	21170.4453	97.2393188
0.00024521986500000004	19736.0547	83.8716507
0.00026032757000000003	18151.0352	73.5465317
0.000275435275	16151.2539	64.7272949
0.000290542981	14096.2041	55.292408
0.000305650709	12916.3965	48.4371719
0.00032075841400000006	11740.6328	42.6281929
0.00033586612	10910.3203	38.8928604
0.00035097382500000004	9806.00781	35.6501846
0.00036608155400000004	8974.53418	32.9976997
0.00038118925900000003	8131.01611	30.4653168
0.00039629698700000004	7504.06738	28.4810791
0.00041140466900000007	6830.10791	26.4212666
0.0004265123980000001	6270.00293	24.7528057
0.00044162008	5717.70996	23.1275368
0.000456727808	5381.31982	21.9370041
0.000471835537	5043.76172	20.7895432
0.00048694321900000004	4668.36328	19.6608486
0.000502050947	4251.4873	18.444828
0.000517158676	3947.67334	17.4576492
0.0005322663580000001	3685.0293	16.5264816
0.0005473740860000001	3469.16382	15.7180557
0.000562481768	3260.24219	14.9795513
0.000577589497	3032.04321	14.2382402
0.0005926972260000001	2903.10474	13.7152519
0.000607804907	2690.05859	12.9745274
0.000622912636	2517.7876	12.373682
0.000638020318	2414.22998	11.9296589
0.000653128047	2288.00122	11.453371
0.000668235775	2158.69458	10.9815464
0.000683343457	2035.5199	10.5319042
0.000698451186	1898.38416	10.0485582
0.000713558914	1794.37695	9.65743828
0.000728666596	1691.26807	9.26659775
0.000743774325	1596.21997	8.89873695
0.0007588820070000001	1507.4834	8.56120205
0.0007739897350000001	1418.68835	8.21699524
0.0007890974170000001	1342.15857	7.90654612
0.000804205146	1280.31165	7.64692879
0.000819312874	1211.10645	7.35591555
0.0008344206030000001	1143.8512	7.08116198
0.0008495283310000001	1078.64453	6.82858515
0.0008646359669999999	1027.98462	6.6157918
0.0008797436949999999	971.090759	6.36197376
0.000894851424	920.078918	6.13466978
0.000909959152	884.224365	5.96170139
0.0009250668809999999	847.855774	5.79143143
0.0009401745160000001	807.362305	5.60778809
0.000955282245	772.89093	5.44131327
0.000970389973	725.680054	5.22571182
0.0009854977020000001	680.900391	5.03367996
0.00100060543	651.064087	4.90144491
0.00101571307	614.812317	4.72083616
0.00103082079	586.037842	4.57296705
0.00104592852	563.030762	4.45777607
0.00106103625	535.768738	4.30499458
0.00107614398	515.958435	4.19307423
0.00109125171	489.682739	4.0597353
0.00110635934	468.377411	3.94326282
0.00112146707	439.380493	3.79522324
0.0011365748	421.845215	3.6959703
0.00115168253	405.350403	3.59249234
0.00116679026	390.694427	3.51355934
0.0011818978900000002	361.872375	3.36292958
0.0011970056200000002	348.611145	3.28565097
0.0012121133500000002	342.390869	3.23464274
0.0012272210800000002	323.085754	3.12395287
0.0012423288100000002	311.428345	3.0559876
0.00125743644	293.797485	2.94907522
0.00127254417	281.253113	2.87435126
0.0012876519	272.512909	2.80882025
0.00130275963	260.950409	2.73340344
0.00131786736	250.819778	2.66949439
0.0013329749900000002	240.499954	2.59575129
0.0013480827200000002	229.395386	2.53103733
0.0013631904500000002	221.519928	2.47696567
0.0013782981800000002	212.131546	2.41269755
0.0013934059100000002	200.123413	2.32734156
0.0014085136400000002	195.809601	2.29946804
0.0014236212700000001	184.789261	2.22292638
0.0014387290000000001	180.071259	2.1805687
0.0014538367300000001	177.273071	2.15185618
0.0014689444600000001	171.478333	2.10660124
0.00148405218	161.23909	2.03944254
0.00149915982	154.533524	1.99740756
0.00151426755	148.299652	1.94731772
0.00152937528	143.553574	1.9089886
0.00154448301	138.457916	1.86716521
0.0015595907300000001	131.037338	1.80355883
0.0015746984600000001	129.394028	1.7970314
0.0015898061900000001	126.206696	1.75947869
0.0016049139200000001	121.820351	1.72191906
0.00162002146	117.560478	1.68731511
0.00163512919	114.312462	1.65953445
0.00165023692	113.309341	1.64753926
0.00166534465	106.884659	1.58845353
0.00168045238	103.77758	1.56815791
0.00169556011	100.052841	1.53947365
0.00171066783	93.6899261	1.4892453
0.00172577556	90.5155487	1.46059871
0.00174088329	90.409256	1.45084703
0.00175599102	89.1699448	1.43629634
0.00177109856	84.2619858	1.39550996
0.00178620629	81.8205566	1.36864221
0.00180131402	79.0423737	1.33844995
0.00181642175	79.9812469	1.34808743
0.00183152948	73.4233398	1.29043925
0.0018466372000000002	70.5711517	1.26409864
0.0018617449300000002	69.2628021	1.24731565
0.0018768526600000002	69.9984512	1.2643702
0.0018919603900000002	66.1382828	1.2386862
0.0019070681200000002	64.8173218	1.23712659
0.0019221758500000002	61.2570229	1.21097159
0.00193728339	60.7123947	1.2127583
0.0019674988500000003	56.5127983	0.678153799
0.00201282203	53.4406878	0.661836741
0.00205814522	49.7925619	0.634518175
0.0021034682200000003	44.9984245	0.593171729
0.0021487914000000003	43.0943044	0.572618952
0.0021941145900000003	38.9389763	0.542162386
0.00223943777	36.5117378	0.521158729
0.0022847607700000002	34.1167361	0.50292979
0.0023300839600000002	31.506162	0.481984463
0.0023754071400000003	29.3925266	0.46471791
0.00242073014	27.2015413	0.446999021
0.00246605333	27.1058337	0.441673627
0.00251137652	24.0860971	0.420582397
0.0025566997	22.5102692	0.406386514
0.0026020227	21.3094375	0.395204454
0.00266245361	19.7802681	0.295505449
0.0027379920700000004	18.2798427	0.283321814
0.00281353071	16.9132965	0.280888612
0.00288906917	14.931345	0.272403768
0.0029646078100000004	13.8272486	0.265676697
0.0030401462700000003	12.9567625	0.260535556
0.0031156849100000003	11.3217588	0.250660153
0.0031912233700000002	10.7728374	0.246260734
0.0032667622000000004	10.0066835	0.241559967
0.00334230065	9.53240796	0.234707237
0.0034178391099999998	8.3936264	0.219464439
0.0034933775700000005	8.02765265	0.211701051
0.0035689164000000002	7.21704845	0.203872848
0.00364445485	6.82237253	0.198358474
0.00371999331	6.47256289	0.193430001
0.0037955317600000004	5.84277134	0.187849588
0.0038710705900000006	5.62949982	0.184305333
0.00396171659	5.29459551	0.152363631
0.00406747088	4.83115401	0.147260272
0.00417322479	4.40666185	0.142844198
0.00427897871	4.10503956	0.138888117
0.004384732620000001	3.66872117	0.134353343
0.00449048653	3.22713385	0.130000835
0.00459624045	3.06505574	0.126709212
0.004701994730000001	2.88510898	0.123746452
0.004807748650000001	2.53842313	0.120441632
0.0049135025600000005	2.2542025	0.117565257
0.0050192564700000004	2.07237954	0.117135011
0.00512501039	1.83520293	0.117442573
0.0052307643	1.73491725	0.116992721
0.00535162613	1.56829851	0.102278383
0.0054875955	1.47640275	0.101286911
0.00562356487	1.39333211	0.09807712
0.00575953424	1.27765845	0.0945772838
0.00589550361	1.15798591	0.0926543771
0.006031472980000001	0.991043774	0.0907369968
0.00616744235	0.973218315	0.0889008504
0.006303411720000001	0.974358989	0.0875476878
0.006439381090000001	0.885376016	0.0859130295
0.00659045875	0.770461039	0.0762516064
0.006756643210000001	0.762202328	0.0751369669
0.00692282841	0.687363652	0.0739736754
0.0070890128600000005	0.685434092	0.073041565
0.00725519732	0.606315174	0.0719702531
0.00742138252	0.558987932	0.0707779336
0.00758756697	0.592554098	0.0698076364
0.00775375217	0.551338315	0.0686147911
0.00793504491	0.417046001	0.0617791793
0.0081314452	0.406990941	0.0607789377
0.00832784548	0.406473935	0.0598413927
0.00852424502	0.354891988	0.0589001933
0.00872064531	0.298935191	0.0579788874
0.00891704559	0.334119723	0.0573197334
0.00911344588	0.278953167	0.0565292894
0.00932495371	0.254694144	0.0518621548
0.009551569820000001	0.251763312	0.0511438802
0.00977818519	0.246660032	0.0504207666
0.010004801300000001	0.20063053	0.0496948448
0.0102314167	0.197519888	0.049075485
0.010458032	0.185010233	0.0484604614
0.0106997557	0.175045457	0.0449182836
0.0109565869	0.146710586	0.0442700796
0.0112134181	0.13206227	0.0446293261
0.0114702493	0.121944037	0.0449998032
0.0117270797	0.132123144	0.044427595
0.0119990192	0.123274812	0.0407775934
0.0122860655	0.105292121	0.0399605388
0.0125731125	0.12250985	0.0393253832
0.0128601581	0.0961778187	0.0386805086
0.013162311900000001	0.0940135909	0.0362299529
0.013479574000000001	0.0929892439	0.0366008115
0.013796836100000001	0.0845842546	0.037627458
0.0141140983	0.073734321	0.0386118372
0.014446468700000001	0.0682547164	0.0375313167
0.0147939458	0.0801263043	0.0378608923
0.015141423000000001	0.0830844342	0.0382365179
0.0154889002	0.0747402718	0.0385561789
0.0158514857	0.0766418916	0.0372648795
0.016229178	0.0694710094	0.0374662337
0.016606870300000003	0.0740296108	0.0376471529
0.0169845641	0.068837927	0.037783679
0.0173773646	0.0685891217	0.0364822549
0.017785272	0.0561265595	0.0377312095
0.0181931809	0.051557813	0.0391896845
0.0186161965	0.0453171224	0.0389277004
0.0190543205	0.0584243664	0.0401976325
0.019492442900000004	0.0410359021	0.0426095273
0.0199456751	0.0415040562	0.0458004252
0.0204140142	0.0420301902	0.0500827272
0.020882353200000002	0.039356143	0.0545235277
0.021365799	0.0333562312	0.057687034
0.0218643546	0.0425166605	0.0647773254
0.022362908700000003	0.0157326976	0.0724721674
0.022876571100000003	0.0283262654	0.0792590692
0.0234053403	0.0270763873	0.0921831184
0.023949217800000002	0.0326085507	0.106323201
0.0245082036	0.0285647707	0.123564543
0.025082296100000002	-0.00612086258	0.148915352
0.025671497	0.0129895926	0.223155156
