q[nm-1]	I(q)[sr-1]_rebin(no_smoothing,TAPBdmpdaStandardLowQ_eiger2_18592_sub.dat_00001_[sub(TAPBdmpdaStandardLowQ_eiger2_18592_ave.h5_00001_[AN_3_30_36_RXN_90C]-TAPBdmpdaStandardLowQ_eiger2_18148_av_ave.h5_00001_[AN_3_30_36_PRM_90C])],1,0.0050)	error
0.00010925045900000001	-675641.625	2190.62817
0.000124358176	-41614.75	1071.8877
0.000139465882	113939.5	685.88855
0.00015457359800000002	80802.6562	393.045929
0.000169681304	51538.7344	254.964279
0.000184789021	42389.4219	186.893158
0.00019989672600000002	35943.2656	146.337692
0.000215004431	32195.7812	120.787628
0.00023011216	29008.2109	102.616486
0.00024521986500000004	25630.1016	88.0930862
0.00026032757000000003	23035.1055	77.2341309
0.000275435275	20733.1797	68.5239563
0.000290542981	17849.4688	58.5142288
0.000305650709	15858.3027	50.8844223
0.00032075841400000006	14593.6289	45.0928345
0.00033586612	13627.7051	41.3517036
0.00035097382500000004	12258.6562	38.0116005
0.00036608155400000004	11030.1387	34.9938354
0.00038118925900000003	10039.2168	32.3891029
0.00039629698700000004	9250.15137	30.3181114
0.00041140466900000007	8167.67627	27.8644524
0.0004265123980000001	7276.7876	25.7829323
0.00044162008	6548.20703	23.9618778
0.000456727808	6130.78223	22.7471313
0.000471835537	5610.41895	21.308012
0.00048694321900000004	5241.31934	20.2069969
0.000502050947	4971.79102	19.3474827
0.000517158676	4572.62793	18.2198467
0.0005322663580000001	4208.24854	17.1585827
0.0005473740860000001	3903.25854	16.2322445
0.000562481768	3645.86475	15.4019938
0.000577589497	3423.21021	14.7184362
0.0005926972260000001	3225.51099	14.0904646
0.000607804907	3020.98682	13.4085703
0.000622912636	2820.32666	12.7647057
0.000638020318	2675.50122	12.2544355
0.000653128047	2519.56494	11.722868
0.000668235775	2376.31934	11.2663107
0.000683343457	2190.90479	10.6820269
0.000698451186	2043.84387	10.1884127
0.000713558914	1932.9563	9.80018806
0.000728666596	1837.81543	9.46034527
0.000743774325	1717.13403	9.02574921
0.0007588820070000001	1640.10242	8.74071312
0.0007739897350000001	1527.78247	8.33381844
0.0007890974170000001	1443.1582	8.02935028
0.000804205146	1354.88452	7.70254421
0.000819312874	1290.55017	7.43821192
0.0008344206030000001	1223.31812	7.1674962
0.0008495283310000001	1170.87793	6.96306276
0.0008646359669999999	1097.57483	6.6794529
0.0008797436949999999	1040.06226	6.44580841
0.000894851424	978.295593	6.19315815
0.000909959152	931.727051	5.99980402
0.0009250668809999999	876.762939	5.77233315
0.0009401745160000001	834.051331	5.59101725
0.000955282245	804.231689	5.44120979
0.000970389973	765.215271	5.26042271
0.0009854977020000001	713.260376	5.04639959
0.00100060543	677.61792	4.89669609
0.00101571307	648.877747	4.75194597
0.00103082079	624.09436	4.62609386
0.00104592852	591.984436	4.47725201
0.00106103625	558.444397	4.31607723
0.00107614398	535.048279	4.19103765
0.00109125171	505.94342	4.04420137
0.00110635934	487.987152	3.95620346
0.00112146707	457.339172	3.79613757
0.0011365748	440.014648	3.7012639
0.00115168253	414.92041	3.56717515
0.00116679026	401.810272	3.49866176
0.0011818978900000002	376.814484	3.36889315
0.0011970056200000002	365.110199	3.29932666
0.0012121133500000002	350.160339	3.21029544
0.0012272210800000002	330.559448	3.10031652
0.0012423288100000002	324.687683	3.05188179
0.00125743644	309.522919	2.96559477
0.00127254417	292.970215	2.87974024
0.0012876519	276.173889	2.7767086
0.00130275963	270.997742	2.73487091
0.00131786736	260.057556	2.66679835
0.0013329749900000002	240.235886	2.55271506
0.0013480827200000002	231.334503	2.49762273
0.0013631904500000002	222.612823	2.43297648
0.0013782981800000002	216.709946	2.39225078
0.0013934059100000002	209.208984	2.3336792
0.0014085136400000002	201.645126	2.28210282
0.0014236212700000001	191.386917	2.22005367
0.0014387290000000001	184.49408	2.16333079
0.0014538367300000001	181.822006	2.1397171
0.0014689444600000001	172.309311	2.07240081
0.00148405218	167.728806	2.03941226
0.00149915982	159.005264	1.98161554
0.00151426755	154.04216	1.94520807
0.00152937528	148.852219	1.90165246
0.00154448301	142.596436	1.85447609
0.0015595907300000001	137.70929	1.81591451
0.0015746984600000001	131.555573	1.77805519
0.0015898061900000001	126.790985	1.73597825
0.0016049139200000001	121.096367	1.69250655
0.00162002146	120.125069	1.67757344
0.00163512919	115.198753	1.63434172
0.00165023692	111.546539	1.61035204
0.00166534465	105.62825	1.55811787
0.00168045238	101.727028	1.5294466
0.00169556011	101.164474	1.51710999
0.00171066783	100.145554	1.50247574
0.00172577556	94.8605652	1.46061814
0.00174088329	90.5648041	1.42726505
0.00175599102	88.5183334	1.40358973
0.00177109856	85.2080002	1.37906158
0.00178620629	81.6633453	1.34455848
0.00180131402	83.5272369	1.35215449
0.00181642175	78.7613373	1.3118155
0.00183152948	73.8463669	1.27276194
0.0018466372000000002	72.154007	1.25337768
0.0018617449300000002	71.1550674	1.23896694
0.0018768526600000002	70.1783371	1.23892426
0.0018919603900000002	66.5238953	1.2236563
0.0019070681200000002	64.8557281	1.21320307
0.0019221758500000002	65.3829346	1.2182976
0.00193728339	64.2697983	1.21700907
0.0019674988500000003	58.4015337	0.672973874
0.00201282203	54.764061	0.65580944
0.00205814522	49.3801218	0.620227619
0.0021034682200000003	45.432874	0.583782353
0.0021487914000000003	42.6520042	0.559957903
0.0021941145900000003	39.7820511	0.534827144
0.00223943777	37.107076	0.514792568
0.0022847607700000002	34.9687169	0.49773633
0.0023300839600000002	32.6702614	0.477417233
0.0023754071400000003	29.9110508	0.458245956
0.00242073014	27.6764495	0.440519957
0.00246605333	26.7201093	0.430471921
0.00251137652	24.0273692	0.411021174
0.0025566997	22.5521615	0.399209375
0.0026020227	21.7040844	0.388513722
0.00266245361	20.0972683	0.290671956
0.0027379920700000004	18.3753372	0.278229587
0.00281353071	16.6855896	0.273710939
0.00288906917	15.3149178	0.268176333
0.0029646078100000004	14.1690325	0.261214063
0.0030401462700000003	12.1943306	0.25114165
0.0031156849100000003	11.5831387	0.246539775
0.0031912233700000002	10.5490648	0.239774097
0.0032667622000000004	9.97493992	0.235384712
0.00334230065	9.34821968	0.227984443
0.0034178391099999998	8.56067171	0.215114364
0.0034933775700000005	8.19313746	0.207010861
0.0035689164000000002	7.38720989	0.200170711
0.00364445485	6.90552225	0.194051992
0.00371999331	6.36158972	0.188517774
0.0037955317600000004	5.72611141	0.182684115
0.0038710705900000006	5.67594547	0.179865695
0.00396171659	5.16725731	0.148423173
0.00406747088	4.67471429	0.143323246
0.00417322479	4.10950446	0.138268037
0.00427897871	3.77903782	0.134067812
0.004384732620000001	3.48485466	0.13010298
0.00449048653	3.12324916	0.126175604
0.00459624045	2.76471925	0.122253515
0.004701994730000001	2.65810425	0.119613938
0.004807748650000001	2.35778274	0.116673506
0.0049135025600000005	2.21999628	0.114371388
0.0050192564700000004	2.06702123	0.113893076
0.00512501039	1.89102171	0.114480881
0.0052307643	1.72909234	0.113845294
0.00535162613	1.63289085	0.0998076032
0.0054875955	1.36281129	0.0980653741
0.00562356487	1.20010106	0.0946811026
0.00575953424	1.1557212	0.0916111826
0.00589550361	1.06409056	0.0896701709
0.006031472980000001	0.908044523	0.0879198859
0.00616744235	0.891485048	0.0861144607
0.006303411720000001	0.757643375	0.0843530054
0.006439381090000001	0.749009583	0.08310656
0.00659045875	0.734710617	0.0739918868
0.006756643210000001	0.684399561	0.0727875083
0.00692282841	0.620700711	0.0716781046
0.0070890128600000005	0.625577071	0.0708201502
0.00725519732	0.612674502	0.0699889882
0.00742138252	0.559775797	0.0688226092
0.00758756697	0.499661408	0.0675734669
0.00775375217	0.512960304	0.0665664387
0.00793504491	0.409875251	0.060021017
0.0081314452	0.407638559	0.0590577896
0.00832784548	0.338124028	0.0579571388
0.00852424502	0.339846047	0.0571651187
0.00872064531	0.319098016	0.0563582044
0.00891704559	0.250300325	0.0554594007
0.00911344588	0.244211564	0.0548319992
0.00932495371	0.250117493	0.0503574399
0.009551569820000001	0.22442257	0.049594155
0.00977818519	0.22543871	0.048918482
0.010004801300000001	0.210154291	0.0482750858
0.0102314167	0.183885966	0.0476185189
0.010458032	0.165976022	0.0470014156
0.0106997557	0.157746334	0.0435732108
0.0109565869	0.158125293	0.0429983016
0.0112134181	0.13797003	0.0433421824
0.0114702493	0.125877464	0.0436940786
0.0117270797	0.0910022767	0.0430485677
0.0119990192	0.108425817	0.0395524827
0.0122860655	0.0871726612	0.0387638805
0.0125731125	0.0823000144	0.0381094488
0.0128601581	0.0925476528	0.0375383636
0.013162311900000001	0.0876559189	0.0351603721
0.013479574000000001	0.0760965681	0.0354980369
0.013796836100000001	0.0557975755	0.0364738122
0.0141140983	0.0545919722	0.0374453969
0.014446468700000001	0.0637383837	0.0364295542
0.0147939458	0.0623127689	0.0367129021
0.015141423000000001	0.0568699765	0.0370681882
0.0154889002	0.0627199444	0.0374013244
0.0158514857	0.075002808	0.0361686203
0.016229178	0.0670087755	0.0363667065
0.016606870300000003	0.0598284507	0.0365171621
0.0169845641	0.0434801486	0.0366337712
0.0173773646	0.0435674102	0.0353699353
0.017785272	0.0492304417	0.0366047906
0.0181931809	0.034283917	0.0380079106
0.0186161965	0.0358076651	0.0377605886
0.0190543205	0.0288000394	0.038961661
0.019492442900000004	0.0277105071	0.0413314575
0.0199456751	0.0260007869	0.0444157985
0.0204140142	0.0293300352	0.0485783733
0.020882353200000002	0.0265417312	0.0528821458
0.021365799	0.0248466577	0.0559668293
0.0218643546	0.0119016406	0.0627761087
0.022362908700000003	0.0158301828	0.0703305782
0.022876571100000003	0.0202025334	0.0768970309
0.0234053403	0.0225208899	0.0894203085
0.023949217800000002	0.0129021938	0.103072708
0.0245082036	0.0325545789	0.119933216
0.025082296100000002	-0.00703611715	0.144557715
0.025671497	0.0197161482	0.216623299
