q[nm-1]	I(q)[sr-1]_rebin(no_smoothing,TAPBdmpdaStandardLowQ_eiger2_18436_sub.dat_00001_[sub(TAPBdmpdaStandardLowQ_eiger2_18436_ave.h5_00001_[AN_3_30_36_RXN_90C]-TAPBdmpdaStandardLowQ_eiger2_18148_av_ave.h5_00001_[AN_3_30_36_PRM_90C])],1,0.0050)	error
0.00010925045900000001	168415.75	2706.63867
0.000124358176	-60028.375	1096.2157
0.000139465882	-45555.0	637.40564
0.00015457359800000002	24429.5938	374.42981
0.000169681304	30202.9062	248.252731
0.000184789021	27193.0391	180.406219
0.00019989672600000002	25983.5078	141.915833
0.000215004431	23312.8906	115.489708
0.00023011216	21125.9922	97.2771378
0.00024521986500000004	19728.1094	84.1184769
0.00026032757000000003	17542.4922	72.8285446
0.000275435275	16201.5586	64.7503662
0.000290542981	14140.6416	55.3942909
0.000305650709	12668.3359	48.2075691
0.00032075841400000006	11354.4355	42.1944847
0.00033586612	10310.4004	38.1481171
0.00035097382500000004	9490.09375	35.3014565
0.00036608155400000004	8713.8457	32.6619148
0.00038118925900000003	7905.58447	30.174633
0.00039629698700000004	7216.47168	28.0754967
0.00041140466900000007	6619.92334	26.177494
0.0004265123980000001	6072.65234	24.4781704
0.00044162008	5607.5625	23.0347767
0.000456727808	5158.25732	21.6151409
0.000471835537	4783.66699	20.370121
0.00048694321900000004	4452.43945	19.2942963
0.000502050947	4131.32715	18.2717953
0.000517158676	3816.11182	17.2363892
0.0005322663580000001	3529.02637	16.2430649
0.0005473740860000001	3365.36279	15.5539303
0.000562481768	3172.40088	14.8241062
0.000577589497	2965.65967	14.1297245
0.0005926972260000001	2765.85693	13.4419537
0.000607804907	2589.05591	12.7985106
0.000622912636	2448.66748	12.2652969
0.000638020318	2304.32202	11.6974068
0.000653128047	2191.89722	11.2544336
0.000668235775	2100.56787	10.8815317
0.000683343457	1954.703	10.3592119
0.000698451186	1845.56726	9.94843006
0.000713558914	1749.21033	9.56511497
0.000728666596	1639.94458	9.15602493
0.000743774325	1544.96045	8.78800392
0.0007588820070000001	1450.6427	8.42766285
0.0007739897350000001	1401.71191	8.19604206
0.0007890974170000001	1323.37793	7.87878132
0.000804205146	1238.52234	7.54389572
0.000819312874	1178.81189	7.27550602
0.0008344206030000001	1132.66748	7.06875515
0.0008495283310000001	1060.18042	6.77636671
0.0008646359669999999	1008.05298	6.55930805
0.0008797436949999999	965.039368	6.35631371
0.000894851424	911.757629	6.12802458
0.000909959152	854.388794	5.88499212
0.0009250668809999999	810.096497	5.68223953
0.0009401745160000001	776.246155	5.52575684
0.000955282245	725.632874	5.29021215
0.000970389973	698.65564	5.15033197
0.0009854977020000001	663.544434	4.98514557
0.00100060543	630.240845	4.83630705
0.00101571307	606.666077	4.69778109
0.00103082079	580.836487	4.5650816
0.00104592852	542.186646	4.38602018
0.00106103625	514.898804	4.23360872
0.00107614398	494.828461	4.11853266
0.00109125171	466.925354	3.98225665
0.00110635934	448.529755	3.8795073
0.00112146707	424.474976	3.74408865
0.0011365748	409.912964	3.65849638
0.00115168253	384.764252	3.51612329
0.00116679026	367.209351	3.42149878
0.0011818978900000002	359.764191	3.36963463
0.0011970056200000002	343.748932	3.27481413
0.0012121133500000002	328.543579	3.18048549
0.0012272210800000002	314.313843	3.09328723
0.0012423288100000002	299.602844	3.00459409
0.00125743644	290.012146	2.94467854
0.00127254417	273.704102	2.84296727
0.0012876519	261.824463	2.76001167
0.00130275963	248.367615	2.67828655
0.00131786736	238.56517	2.62078094
0.0013329749900000002	232.773788	2.57145262
0.0013480827200000002	223.586792	2.50530243
0.0013631904500000002	216.700562	2.45523119
0.0013782981800000002	202.895615	2.36410236
0.0013934059100000002	195.029053	2.31358314
0.0014085136400000002	187.427216	2.25850821
0.0014236212700000001	177.685303	2.19238281
0.0014387290000000001	172.475357	2.14678192
0.0014538367300000001	166.989075	2.09664392
0.0014689444600000001	164.71048	2.07475495
0.00148405218	161.864227	2.04888177
0.00149915982	153.405319	1.99408746
0.00151426755	144.059143	1.92719316
0.00152937528	137.085541	1.87225568
0.00154448301	132.719727	1.837183
0.0015595907300000001	128.163834	1.79699492
0.0015746984600000001	123.938148	1.76609075
0.0015898061900000001	121.245132	1.73415577
0.0016049139200000001	118.194023	1.70672119
0.00162002146	113.625237	1.66812861
0.00163512919	106.398384	1.61639524
0.00165023692	105.755661	1.60801446
0.00166534465	101.89653	1.56606674
0.00168045238	98.8715057	1.5455153
0.00169556011	93.9983978	1.50213158
0.00171066783	90.682251	1.46607506
0.00172577556	90.4736404	1.45872223
0.00174088329	88.6913605	1.44512391
0.00175599102	84.2794876	1.40417206
0.00177109856	80.2749023	1.36668277
0.00178620629	80.7317657	1.36858118
0.00180131402	76.8981781	1.33139682
0.00181642175	73.6960602	1.30211413
0.00183152948	71.700737	1.28169549
0.0018466372000000002	69.8475113	1.26191759
0.0018617449300000002	66.2099152	1.22877586
0.0018768526600000002	65.1664505	1.23099935
0.0018919603900000002	64.3080063	1.23575056
0.0019070681200000002	61.929348	1.21800375
0.0019221758500000002	60.8604622	1.2134254
0.00193728339	58.6273956	1.19148993
0.0019674988500000003	56.0208359	0.677089185
0.00201282203	51.0926806	0.65079576
0.00205814522	47.6943626	0.625713747
0.0021034682200000003	43.7666855	0.587667823
0.0021487914000000003	40.2813263	0.55928758
0.0021941145900000003	37.9334768	0.538552886
0.00223943777	34.3573659	0.512737941
0.0022847607700000002	33.2980893	0.498522271
0.0023300839600000002	31.2853915	0.480127237
0.0023754071400000003	28.6090081	0.460330875
0.00242073014	27.0475203	0.447341475
0.00246605333	25.7824631	0.434322753
0.00251137652	23.9854679	0.420398758
0.0025566997	22.6557236	0.4080373
0.0026020227	21.3731702	0.395740734
0.00266245361	19.3190185	0.293453822
0.0027379920700000004	17.718893	0.282015073
0.00281353071	15.5660654	0.274904574
0.00288906917	14.7450687	0.271334068
0.0029646078100000004	13.2749731	0.263312396
0.0030401462700000003	12.2535208	0.257140194
0.0031156849100000003	11.2479057	0.250694749
0.0031912233700000002	10.6972379	0.246308799
0.0032667622000000004	9.45913582	0.238825837
0.00334230065	9.13901482	0.232277291
0.0034178391099999998	7.90438642	0.216850253
0.0034933775700000005	7.90632601	0.21166982
0.0035689164000000002	6.99668541	0.20290755
0.00364445485	6.69732771	0.197812494
0.00371999331	6.08663397	0.192051916
0.0037955317600000004	5.71730041	0.187279521
0.0038710705900000006	5.53405838	0.184054227
0.00396171659	5.31734133	0.152678258
0.00406747088	4.74280037	0.147214206
0.00417322479	3.98730482	0.141326247
0.00427897871	3.71779823	0.137474055
0.004384732620000001	3.60597587	0.13412723
0.00449048653	3.34000863	0.130446438
0.00459624045	2.84308049	0.125960995
0.004701994730000001	2.56274516	0.12261381
0.004807748650000001	2.4938285	0.120581081
0.0049135025600000005	2.22000343	0.117621421
0.0050192564700000004	1.96650766	0.116790934
0.00512501039	1.80683259	0.117504437
0.0052307643	1.78277617	0.117417078
0.00535162613	1.5636791	0.102383924
0.0054875955	1.37628818	0.10100724
0.00562356487	1.21957094	0.097685362
0.00575953424	1.16590432	0.0943735902
0.00589550361	1.08108226	0.0925001035
0.006031472980000001	1.06102062	0.091122946
0.00616744235	0.898971114	0.0887008544
0.006303411720000001	0.908052252	0.0874800306
0.006439381090000001	0.877171503	0.0860804897
0.00659045875	0.799173799	0.0764460331
0.006756643210000001	0.78498655	0.0753293978
0.00692282841	0.711549418	0.0741745775
0.0070890128600000005	0.66901686	0.0731128081
0.00725519732	0.643374188	0.0721928117
0.00742138252	0.613478043	0.0710542325
0.00758756697	0.492008518	0.0696157121
0.00775375217	0.513455272	0.0686182146
0.00793504491	0.442786038	0.0619169908
0.0081314452	0.419107318	0.0609284554
0.00832784548	0.382954836	0.0598832791
0.00852424502	0.323926898	0.0588824553
0.00872064531	0.354772795	0.058213228
0.00891704559	0.313181698	0.0573657118
0.00911344588	0.256441547	0.0565733199
0.00932495371	0.230764329	0.0518979088
0.009551569820000001	0.25002745	0.051219025
0.00977818519	0.23119143	0.0504656913
0.010004801300000001	0.186436027	0.049745988
0.0102314167	0.175540515	0.0491001888
0.010458032	0.194577766	0.048560752
0.0106997557	0.164407511	0.0449657753
0.0109565869	0.122125765	0.0442859961
0.0112134181	0.137302943	0.0447128783
0.0114702493	0.115114815	0.0450575407
0.0117270797	0.1282438	0.0444951018
0.0119990192	0.107204085	0.0408120635
0.0122860655	0.0875300882	0.039999491
0.0125731125	0.0982645319	0.0393445405
0.0128601581	0.0940760884	0.038739314
0.013162311900000001	0.0981574265	0.0363028674
0.013479574000000001	0.0875525644	0.0366510038
0.013796836100000001	0.0884153063	0.037696466
0.0141140983	0.0758219333	0.0386768494
0.014446468700000001	0.0709945197	0.037596421
0.0147939458	0.0724427493	0.0379068483
0.015141423000000001	0.0677945387	0.0382749325
0.0154889002	0.0710583219	0.0386100049
0.0158514857	0.0765061772	0.0373277423
0.016229178	0.073496061	0.0375376994
0.016606870300000003	0.0685579157	0.0376986173
0.0169845641	0.0686283642	0.0378476727
0.0173773646	0.0618123547	0.0365291626
0.017785272	0.0607491199	0.0377933958
0.0181931809	0.0480829441	0.0392480356
0.0186161965	0.0427076482	0.0389842509
0.0190543205	0.0487133285	0.0402533969
0.019492442900000004	0.0466364052	0.0426899877
0.0199456751	0.0281055488	0.0458476672
0.0204140142	0.0456503305	0.0501762251
0.020882353200000002	0.0285868838	0.0545748291
0.021365799	0.0323874618	0.0577785128
0.0218643546	0.028060582	0.0648388478
0.022362908700000003	0.0250574871	0.0726283067
0.022876571100000003	0.0166479037	0.0793350609
0.0234053403	0.0415762486	0.0923793562
0.023949217800000002	0.00331202643	0.106346506
0.0245082036	0.0214266585	0.123717308
0.025082296100000002	0.027727002	0.149459558
0.025671497	0.0168853506	0.223301563
