q[nm-1]	I(q)[sr-1]_rebin(no_smoothing,TAPBdmpdaStandardLowQ_eiger2_18461_sub.dat_00001_[sub(TAPBdmpdaStandardLowQ_eiger2_18461_ave.h5_00001_[AN_3_30_36_RXN_90C]-TAPBdmpdaStandardLowQ_eiger2_18148_av_ave.h5_00001_[AN_3_30_36_PRM_90C])],1,0.0050)	error
0.00010925045900000001	204628.75	2670.62842
0.000124358176	-44309.875	1086.50049
0.000139465882	-13005.875	647.138733
0.00015457359800000002	28424.3438	368.249786
0.000169681304	32259.3906	244.345657
0.000184789021	29582.9297	178.898575
0.00019989672600000002	27533.0703	140.631332
0.000215004431	24895.9883	114.995125
0.00023011216	23256.6602	97.6488266
0.00024521986500000004	21471.875	84.2908249
0.00026032757000000003	19203.5117	73.3790588
0.000275435275	17635.7266	65.2833405
0.000290542981	15535.5771	56.0447502
0.000305650709	13980.3789	48.8603096
0.00032075841400000006	12389.0762	42.6790657
0.00033586612	11111.2129	38.4957275
0.00035097382500000004	10177.7158	35.6018715
0.00036608155400000004	9288.33105	32.8659096
0.00038118925900000003	8564.95117	30.5669155
0.00039629698700000004	7837.80957	28.4408207
0.00041140466900000007	7079.00244	26.3604393
0.0004265123980000001	6466.41943	24.6553955
0.00044162008	5901.90967	23.0589619
0.000456727808	5435.95117	21.6572056
0.000471835537	5071.35645	20.4907761
0.00048694321900000004	4702.36133	19.3574314
0.000502050947	4374.71875	18.3445339
0.000517158676	4079.31982	17.3985462
0.0005322663580000001	3781.18018	16.4430103
0.0005473740860000001	3546.89526	15.6208611
0.000562481768	3357.21631	14.9064503
0.000577589497	3150.31323	14.2208099
0.0005926972260000001	2973.14893	13.6096544
0.000607804907	2781.53442	12.9451084
0.000622912636	2600.87354	12.3298759
0.000638020318	2465.18286	11.8267841
0.000653128047	2329.16382	11.3512554
0.000668235775	2178.11084	10.8361998
0.000683343457	2043.04529	10.3813343
0.000698451186	1926.06091	9.96043396
0.000713558914	1842.33545	9.61714935
0.000728666596	1716.61426	9.17347336
0.000743774325	1624.48169	8.81784248
0.0007588820070000001	1535.80859	8.49777603
0.0007739897350000001	1440.21936	8.13797951
0.0007890974170000001	1365.90637	7.83578062
0.000804205146	1305.62427	7.59101582
0.000819312874	1245.94824	7.33003855
0.0008344206030000001	1183.17249	7.07314873
0.0008495283310000001	1111.47437	6.80405903
0.0008646359669999999	1042.06848	6.54267454
0.0008797436949999999	970.756042	6.24888754
0.000894851424	931.889343	6.07551765
0.000909959152	886.652588	5.87587786
0.0009250668809999999	842.954041	5.68431902
0.0009401745160000001	803.10907	5.50610018
0.000955282245	756.535095	5.30165291
0.000970389973	713.527893	5.10452604
0.0009854977020000001	693.15387	5.00227499
0.00100060543	655.94397	4.82625151
0.00101571307	625.041016	4.67701054
0.00103082079	592.011169	4.5219326
0.00104592852	567.237305	4.3996582
0.00106103625	533.738586	4.22977114
0.00107614398	511.837616	4.11491203
0.00109125171	485.611755	3.97868776
0.00110635934	463.318146	3.86572099
0.00112146707	443.50116	3.75244713
0.0011365748	426.189575	3.65163875
0.00115168253	404.619995	3.53977704
0.00116679026	384.194031	3.42721009
0.0011818978900000002	368.855072	3.33713722
0.0011970056200000002	353.237396	3.25817394
0.0012121133500000002	331.804138	3.13097763
0.0012272210800000002	322.012665	3.07113266
0.0012423288100000002	300.742432	2.95059562
0.00125743644	291.081573	2.88885999
0.00127254417	278.064209	2.8134172
0.0012876519	268.35437	2.74426913
0.00130275963	260.858612	2.69210315
0.00131786736	245.696793	2.60621834
0.0013329749900000002	235.598373	2.53337693
0.0013480827200000002	227.911682	2.47866583
0.0013631904500000002	220.102234	2.42528415
0.0013782981800000002	210.313904	2.36103964
0.0013934059100000002	201.472443	2.29935789
0.0014085136400000002	197.545334	2.27088809
0.0014236212700000001	189.481628	2.20935512
0.0014387290000000001	184.078812	2.16666198
0.0014538367300000001	172.614807	2.09217238
0.0014689444600000001	165.754807	2.0497849
0.00148405218	158.653214	1.99274516
0.00149915982	156.043396	1.97429013
0.00151426755	147.268661	1.90323746
0.00152937528	142.657944	1.86706388
0.00154448301	139.943329	1.8443923
0.0015595907300000001	135.797867	1.80196106
0.0015746984600000001	130.181793	1.77184677
0.0015898061900000001	122.393311	1.70835733
0.0016049139200000001	120.202354	1.68781602
0.00162002146	117.2976	1.65717518
0.00163512919	112.942818	1.62445581
0.00165023692	107.360916	1.58107901
0.00166534465	106.29834	1.56553054
0.00168045238	100.754929	1.52578437
0.00169556011	97.0610352	1.49570131
0.00171066783	95.3167572	1.47691941
0.00172577556	90.0590286	1.42846942
0.00174088329	89.5951767	1.42104506
0.00175599102	86.3626785	1.38921201
0.00177109856	84.3435669	1.37191975
0.00178620629	80.8921204	1.34100056
0.00180131402	79.3061676	1.32455111
0.00181642175	75.2432556	1.28428686
0.00183152948	73.9308701	1.27450716
0.0018466372000000002	71.5452347	1.24374127
0.0018617449300000002	70.4388885	1.23586702
0.0018768526600000002	66.5475922	1.21435201
0.0018919603900000002	66.1136322	1.21813166
0.0019070681200000002	65.3273468	1.2162534
0.0019221758500000002	61.4682503	1.18995988
0.00193728339	61.3540268	1.19584632
0.0019674988500000003	56.2168846	0.663813335
0.00201282203	52.9981308	0.647443858
0.00205814522	48.8699048	0.619891223
0.0021034682200000003	45.1242993	0.582001275
0.0021487914000000003	42.413662	0.557804049
0.0021941145900000003	39.7373734	0.535934199
0.00223943777	35.9519399	0.509214467
0.0022847607700000002	32.4289983	0.485066388
0.0023300839600000002	31.7103526	0.473365545
0.0023754071400000003	28.8370406	0.452949422
0.00242073014	27.3187478	0.439089715
0.00246605333	25.3774865	0.424769236
0.00251137652	24.8852781	0.415766767
0.0025566997	22.6893145	0.399349978
0.0026020227	21.8510857	0.38991634
0.00266245361	19.2606331	0.287001775
0.0027379920700000004	18.2659355	0.277967572
0.00281353071	16.3102867	0.272513861
0.00288906917	14.9125233	0.266235266
0.0029646078100000004	13.3906206	0.25798362
0.0030401462700000003	12.4694874	0.252647312
0.0031156849100000003	11.7181406	0.24752676
0.0031912233700000002	10.8789442	0.241156461
0.0032667622000000004	10.0926107	0.235973259
0.00334230065	9.17612629	0.227339647
0.0034178391099999998	8.41396561	0.214783775
0.0034933775700000005	7.66363459	0.2050215
0.0035689164000000002	7.0694088	0.19850929
0.00364445485	6.75137968	0.193547317
0.00371999331	6.12316523	0.187131679
0.0037955317600000004	5.94164257	0.184021046
0.0038710705900000006	5.48378792	0.179092524
0.00396171659	5.00813144	0.14760177
0.00406747088	4.60467652	0.142888443
0.00417322479	4.06382298	0.138177627
0.00427897871	3.91102658	0.134667387
0.004384732620000001	3.53487495	0.130358207
0.00449048653	3.12607673	0.126201709
0.00459624045	2.856679	0.122727304
0.004701994730000001	2.63371423	0.119565065
0.004807748650000001	2.40959167	0.116980063
0.0049135025600000005	2.11435675	0.11385641
0.0050192564700000004	1.99471545	0.113700231
0.00512501039	1.89314568	0.114517569
0.0052307643	1.73172227	0.113863435
0.00535162613	1.53292345	0.0994562568
0.0054875955	1.49601699	0.0986158548
0.00562356487	1.21339722	0.0947746632
0.00575953424	1.19715669	0.0917410296
0.00589550361	1.15290909	0.0901697359
0.006031472980000001	1.00781855	0.088307788
0.00616744235	0.881295767	0.0861181716
0.006303411720000001	0.889939851	0.0848505742
0.006439381090000001	0.804803451	0.0833260716
0.00659045875	0.729744944	0.0740218203
0.006756643210000001	0.689017664	0.0728877684
0.00692282841	0.687577416	0.071949801
0.0070890128600000005	0.627367453	0.0708472768
0.00725519732	0.631906634	0.0700336376
0.00742138252	0.585700133	0.0689067414
0.00758756697	0.52908122	0.067678251
0.00775375217	0.530466091	0.0666178014
0.00793504491	0.484855262	0.0602336266
0.0081314452	0.375001343	0.0589809791
0.00832784548	0.392961122	0.0581248686
0.00852424502	0.335130866	0.0571825855
0.00872064531	0.293272351	0.0563049773
0.00891704559	0.289510594	0.0555926275
0.00911344588	0.278619257	0.0549330018
0.00932495371	0.226264004	0.0503262111
0.009551569820000001	0.251700493	0.0496776347
0.00977818519	0.234505014	0.048955229
0.010004801300000001	0.218267081	0.0483175261
0.0102314167	0.204921866	0.0476873559
0.010458032	0.152525876	0.0470043242
0.0106997557	0.177269629	0.0436363004
0.0109565869	0.155748486	0.0430159157
0.0112134181	0.1320653	0.0433442016
0.0114702493	0.124590088	0.0437131709
0.0117270797	0.125587968	0.0431478736
0.0119990192	0.104384091	0.0395701486
0.0122860655	0.088124581	0.0387835482
0.0125731125	0.0969950628	0.0381459539
0.0128601581	0.0954417704	0.0375591462
0.013162311900000001	0.0955713427	0.0351856345
0.013479574000000001	0.0973086101	0.0355505167
0.013796836100000001	0.0846277042	0.0365422297
0.0141140983	0.073273382	0.0374965846
0.014446468700000001	0.0813766485	0.0364759567
0.0147939458	0.0872177572	0.0367739499
0.015141423000000001	0.081906563	0.0371274607
0.0154889002	0.0833321641	0.0374534165
0.0158514857	0.09055071	0.0362129696
0.016229178	0.0740244406	0.0363944886
0.016606870300000003	0.053170653	0.0365231572
0.0169845641	0.0619543862	0.0366782187
0.0173773646	0.0566830541	0.0354052113
0.017785272	0.0596264763	0.0366378719
0.0181931809	0.0433958261	0.0380394418
0.0186161965	0.0432911238	0.0377944499
0.0190543205	0.0467337552	0.0390121077
0.019492442900000004	0.052715089	0.0413989167
0.0199456751	0.046254437	0.0444785832
0.0204140142	0.0338819536	0.0486092513
0.020882353200000002	0.0373761107	0.0529303379
0.021365799	0.0348160895	0.0560176854
0.0218643546	0.0387778822	0.0628799761
0.022362908700000003	0.0138641001	0.0703540792
0.022876571100000003	0.0354307994	0.0769551718
0.0234053403	0.0220431561	0.0894808982
0.023949217800000002	0.011869544	0.103113309
0.0245082036	0.0211504729	0.119919876
0.025082296100000002	0.0110822382	0.144765666
0.025671497	0.0173228463	0.216630456
