q[nm-1]	I(q)[sr-1]_rebin(no_smoothing,TAPBdmpdaStandardLowQ_eiger2_18449_sub.dat_00001_[sub(TAPBdmpdaStandardLowQ_eiger2_18449_ave.h5_00001_[AN_3_30_36_RXN_90C]-TAPBdmpdaStandardLowQ_eiger2_18148_av_ave.h5_00001_[AN_3_30_36_PRM_90C])],1,0.0050)	error
0.00010925045900000001	194307.75	2671.55981
0.000124358176	-42424.125	1086.16516
0.000139465882	-22348.9375	642.716919
0.00015457359800000002	10190.6875	358.747589
0.000169681304	29926.7656	244.136429
0.000184789021	31031.9844	180.637192
0.00019989672600000002	29421.0156	142.538055
0.000215004431	26293.7461	116.61866
0.00023011216	23830.1719	98.5737381
0.00024521986500000004	21805.4648	84.9569016
0.00026032757000000003	19666.2188	74.1718979
0.000275435275	17619.0273	65.3898697
0.000290542981	15699.8076	56.3795357
0.000305650709	14405.2637	49.5450783
0.00032075841400000006	12795.6699	43.2550468
0.00033586612	11549.5391	39.1164436
0.00035097382500000004	10522.9795	36.128479
0.00036608155400000004	9464.50488	33.157959
0.00038118925900000003	8632.19727	30.6821098
0.00039629698700000004	7904.56738	28.5851612
0.00041140466900000007	7063.63428	26.3669796
0.0004265123980000001	6557.68018	24.8655128
0.00044162008	5980.39404	23.2458935
0.000456727808	5459.55371	21.7809753
0.000471835537	4977.65625	20.3969517
0.00048694321900000004	4597.04102	19.2465668
0.000502050947	4267.68262	18.2253399
0.000517158676	4043.54492	17.3831501
0.0005322663580000001	3743.88965	16.3684502
0.0005473740860000001	3484.83716	15.5213251
0.000562481768	3277.4834	14.79498
0.000577589497	3080.69507	14.1376677
0.0005926972260000001	2909.66968	13.5377626
0.000607804907	2700.02832	12.8151445
0.000622912636	2555.66309	12.282094
0.000638020318	2417.47607	11.7614012
0.000653128047	2266.37842	11.2428923
0.000668235775	2130.93677	10.7643404
0.000683343457	2012.91223	10.3340025
0.000698451186	1907.77576	9.93200302
0.000713558914	1794.72095	9.52143574
0.000728666596	1666.31226	9.08156395
0.000743774325	1579.24878	8.73973274
0.0007588820070000001	1500.51477	8.43255615
0.0007739897350000001	1396.8844	8.05367374
0.0007890974170000001	1317.95825	7.74003458
0.000804205146	1244.1936	7.44106388
0.000819312874	1173.19458	7.16270256
0.0008344206030000001	1111.85071	6.90149832
0.0008495283310000001	1066.89209	6.70404863
0.0008646359669999999	1009.74744	6.46880913
0.0008797436949999999	955.256775	6.23021841
0.000894851424	902.732239	6.00941658
0.000909959152	842.535645	5.75834846
0.0009250668809999999	815.706055	5.61698294
0.0009401745160000001	784.318665	5.45980883
0.000955282245	741.24353	5.26999712
0.000970389973	705.761658	5.09980726
0.0009854977020000001	669.967224	4.94004822
0.00100060543	631.616699	4.7740078
0.00101571307	593.388245	4.57466698
0.00103082079	581.80719	4.50474215
0.00104592852	548.516846	4.34024763
0.00106103625	519.965454	4.18654156
0.00107614398	497.3862	4.06485462
0.00109125171	468.05719	3.92485118
0.00110635934	450.494659	3.83181024
0.00112146707	432.762756	3.72324014
0.0011365748	408.757263	3.59029698
0.00115168253	388.959198	3.48595834
0.00116679026	373.828522	3.39864779
0.0011818978900000002	358.020569	3.30579019
0.0011970056200000002	343.565277	3.22614813
0.0012121133500000002	328.348083	3.13545656
0.0012272210800000002	312.126343	3.03285956
0.0012423288100000002	300.711304	2.96099758
0.00125743644	290.401428	2.89415169
0.00127254417	277.260559	2.81258655
0.0012876519	261.6922	2.71785212
0.00130275963	252.07132	2.66055751
0.00131786736	246.452408	2.61788321
0.0013329749900000002	235.503616	2.54446983
0.0013480827200000002	223.547089	2.47000456
0.0013631904500000002	214.717377	2.40694118
0.0013782981800000002	201.753876	2.32488537
0.0013934059100000002	194.515442	2.27444601
0.0014085136400000002	187.002991	2.21519351
0.0014236212700000001	184.212662	2.19429111
0.0014387290000000001	176.786911	2.13621855
0.0014538367300000001	169.743759	2.08654928
0.0014689444600000001	163.753693	2.03818202
0.00148405218	160.270325	2.00872064
0.00149915982	150.006287	1.94485199
0.00151426755	144.799805	1.89964581
0.00152937528	141.474411	1.87053978
0.00154448301	135.190887	1.82280016
0.0015595907300000001	132.413193	1.7933495
0.0015746984600000001	127.913551	1.76501787
0.0015898061900000001	124.271896	1.73022795
0.0016049139200000001	116.31205	1.66814578
0.00162002146	112.626091	1.63505578
0.00163512919	107.302597	1.59205568
0.00165023692	105.894974	1.57794428
0.00166534465	106.1483	1.57047224
0.00168045238	99.6036758	1.52326381
0.00169556011	92.9302826	1.4706037
0.00171066783	92.5499573	1.46590769
0.00172577556	89.9625931	1.43274629
0.00174088329	87.5594559	1.41228437
0.00175599102	84.3342133	1.38350892
0.00177109856	81.2070541	1.35362732
0.00178620629	77.6083679	1.31937528
0.00180131402	78.3460693	1.32135594
0.00181642175	76.1338196	1.3010304
0.00183152948	71.5354614	1.25750601
0.0018466372000000002	71.2036896	1.25380969
0.0018617449300000002	67.6233368	1.21972883
0.0018768526600000002	67.8831482	1.23039401
0.0018919603900000002	65.5051575	1.21918857
0.0019070681200000002	63.8114357	1.21178794
0.0019221758500000002	61.2412224	1.19370627
0.00193728339	60.1077271	1.18556714
0.0019674988500000003	56.6876361	0.669370239
0.00201282203	51.5439656	0.642679655
0.00205814522	47.7764486	0.615783387
0.0021034682200000003	44.6867294	0.58243891
0.0021487914000000003	40.369962	0.549632243
0.0021941145900000003	38.3637797	0.530030231
0.00223943777	34.7758102	0.506325801
0.0022847607700000002	33.2732239	0.490910458
0.0023300839600000002	31.5638847	0.474128614
0.0023754071400000003	29.5725371	0.457687957
0.00242073014	28.3661696	0.446395956
0.00246605333	25.1442693	0.424220509
0.00251137652	24.3197403	0.414081775
0.0025566997	22.9152342	0.402060187
0.0026020227	21.934625	0.391213779
0.00266245361	19.2937588	0.288401124
0.0027379920700000004	18.0421707	0.278164316
0.00281353071	16.049334	0.271761804
0.00288906917	14.9103401	0.267313322
0.0029646078100000004	13.7848249	0.260863262
0.0030401462700000003	12.2469912	0.252028108
0.0031156849100000003	10.9637771	0.244522952
0.0031912233700000002	10.4012552	0.239781776
0.0032667622000000004	9.35596695	0.233735293
0.00334230065	8.85417767	0.226469799
0.0034178391099999998	8.03217459	0.21340305
0.0034933775700000005	7.88338804	0.20695093
0.0035689164000000002	7.25709248	0.200076903
0.00364445485	6.71345854	0.193925316
0.00371999331	6.09299936	0.187846475
0.0037955317600000004	5.81740341	0.183871828
0.0038710705900000006	5.50366459	0.180245474
0.00396171659	4.99028213	0.148025174
0.00406747088	4.48000322	0.143122414
0.00417322479	4.23238455	0.139185476
0.00427897871	3.86842503	0.135074441
0.004384732620000001	3.48276639	0.130598083
0.00449048653	3.24323174	0.127284952
0.00459624045	2.91790734	0.123419946
0.004701994730000001	2.80413147	0.120673529
0.004807748650000001	2.4595341	0.117547499
0.0049135025600000005	2.22015456	0.114853054
0.0050192564700000004	2.08560775	0.114484434
0.00512501039	1.90971025	0.115173498
0.0052307643	1.76607689	0.114547902
0.00535162613	1.51965662	0.0998551722
0.0054875955	1.51912717	0.0991910941
0.00562356487	1.24127555	0.0953491095
0.00575953424	1.23038501	0.0922776085
0.00589550361	1.07285421	0.0902442118
0.006031472980000001	0.959861603	0.0885225929
0.00616744235	0.906873167	0.0866013424
0.006303411720000001	0.893462413	0.0852363581
0.006439381090000001	0.766782337	0.0835173646
0.00659045875	0.795019356	0.0745935097
0.006756643210000001	0.692174901	0.0731841731
0.00692282841	0.69760503	0.072269057
0.0070890128600000005	0.654135216	0.0712403181
0.00725519732	0.629803706	0.0703877305
0.00742138252	0.571349534	0.0691812398
0.00758756697	0.54020116	0.0680227593
0.00775375217	0.50811307	0.0668942203
0.00793504491	0.519601029	0.0605809895
0.0081314452	0.425422847	0.0593841794
0.00832784548	0.388014518	0.0583911441
0.00852424502	0.339379549	0.0574442736
0.00872064531	0.325017853	0.0566637757
0.00891704559	0.315120697	0.0559063152
0.00911344588	0.274030974	0.055177562
0.00932495371	0.264439833	0.0506324539
0.009551569820000001	0.222557934	0.04985695
0.00977818519	0.228904335	0.0491649141
0.010004801300000001	0.203358797	0.0485060848
0.0102314167	0.189318979	0.0478711996
0.010458032	0.194210442	0.0473072944
0.0106997557	0.170629175	0.0438296425
0.0109565869	0.167092894	0.0432350898
0.0112134181	0.153909128	0.0435912736
0.0114702493	0.134798902	0.0439387223
0.0117270797	0.136074734	0.0433583803
0.0119990192	0.108615849	0.0397575412
0.0122860655	0.109882798	0.039002771
0.0125731125	0.0927151543	0.0383178077
0.0128601581	0.108068003	0.0377612133
0.013162311900000001	0.0954433715	0.0353510257
0.013479574000000001	0.0862600037	0.0356967924
0.013796836100000001	0.0914085727	0.0367219692
0.0141140983	0.0779287205	0.0376813263
0.014446468700000001	0.0793739927	0.0366420355
0.0147939458	0.0833816107	0.0369382853
0.015141423000000001	0.0670035469	0.0372770467
0.0154889002	0.0774196166	0.03762221
0.0158514857	0.075021317	0.0363526625
0.016229178	0.073368206	0.0365624856
0.016606870300000003	0.0704624647	0.0367254561
0.0169845641	0.0700286144	0.0368678683
0.0173773646	0.0634281431	0.0355854736
0.017785272	0.0444324328	0.0367871713
0.0181931809	0.0516748583	0.0382328957
0.0186161965	0.0523771453	0.0379871752
0.0190543205	0.0439873281	0.039190012
0.019492442900000004	0.0435831642	0.0415781116
0.0199456751	0.0362593873	0.0446715952
0.0204140142	0.0390849092	0.0488507188
0.020882353200000002	0.036901281	0.053179335
0.021365799	0.0223727238	0.0562480016
0.0218643546	0.0305334082	0.0631566813
0.022362908700000003	0.0339996975	0.0707512891
0.022876571100000003	0.0325707613	0.0773313894
0.0234053403	0.0270310391	0.0899302258
0.023949217800000002	0.0117375491	0.103600415
0.0245082036	0.0155522906	0.120445582
0.025082296100000002	0.028130178	0.145531746
0.025671497	0.0347336341	0.217864442
