q[nm-1]	I(q)[sr-1]_rebin(no_smoothing,TAPBdmpdaStandardLowQ_eiger2_18602_sub.dat_00001_[sub(TAPBdmpdaStandardLowQ_eiger2_18602_ave.h5_00001_[AN_3_30_36_RXN_90C]-TAPBdmpdaStandardLowQ_eiger2_18148_av_ave.h5_00001_[AN_3_30_36_PRM_90C])],1,0.0050)	error
0.00010925045900000001	-768917.375	2130.74731
0.000124358176	-63326.75	1063.97449
0.000139465882	92251.875	674.612549
0.00015457359800000002	92803.25	398.501801
0.000169681304	57068.5625	257.840942
0.000184789021	43331.6719	187.136078
0.00019989672600000002	38235.2734	148.125259
0.000215004431	34002.582	121.954651
0.00023011216	31124.2109	104.244553
0.00024521986500000004	28291.8438	90.3661423
0.00026032757000000003	25531.7773	79.6764374
0.000275435275	21806.877	69.2605133
0.000290542981	19329.9492	60.0164757
0.000305650709	17103.4766	52.1503716
0.00032075841400000006	15320.5391	45.7852936
0.00033586612	14144.7715	41.8313866
0.00035097382500000004	12588.9287	38.2769432
0.00036608155400000004	11154.1055	35.0331802
0.00038118925900000003	10042.748	32.2983627
0.00039629698700000004	9001.04883	29.8392048
0.00041140466900000007	8234.97461	27.8763313
0.0004265123980000001	7494.60596	26.0042534
0.00044162008	6879.16455	24.4320812
0.000456727808	6295.42676	22.9060192
0.000471835537	5717.96973	21.4436893
0.00048694321900000004	5253.33008	20.1861115
0.000502050947	4912.94727	19.1877098
0.000517158676	4560.14062	18.1530266
0.0005322663580000001	4246.07178	17.1765709
0.0005473740860000001	3984.55103	16.3376102
0.000562481768	3712.23682	15.4984093
0.000577589497	3442.14893	14.7368431
0.0005926972260000001	3182.88452	13.971179
0.000607804907	2979.56714	13.310442
0.000622912636	2817.38379	12.755271
0.000638020318	2679.12305	12.2415791
0.000653128047	2523.39429	11.7222538
0.000668235775	2359.42456	11.1891575
0.000683343457	2222.75879	10.7303162
0.000698451186	2092.48315	10.2885704
0.000713558914	1946.11548	9.81268501
0.000728666596	1810.61279	9.36258888
0.000743774325	1721.63672	9.0245266
0.0007588820070000001	1636.03992	8.71418571
0.0007739897350000001	1542.69678	8.36375809
0.0007890974170000001	1458.57678	8.05106258
0.000804205146	1365.82861	7.71443033
0.000819312874	1293.70264	7.44071198
0.0008344206030000001	1212.64758	7.12902832
0.0008495283310000001	1158.4856	6.91543674
0.0008646359669999999	1086.55884	6.63627434
0.0008797436949999999	1029.96704	6.40968513
0.000894851424	969.224792	6.15508556
0.000909959152	928.297119	5.98217201
0.0009250668809999999	875.825867	5.76166439
0.0009401745160000001	832.094238	5.56536531
0.000955282245	801.306152	5.41990805
0.000970389973	757.252869	5.23140478
0.0009854977020000001	711.046936	5.0342865
0.00100060543	679.940796	4.90109253
0.00101571307	649.529785	4.74718904
0.00103082079	619.467407	4.59702349
0.00104592852	588.814209	4.45970392
0.00106103625	545.480835	4.25722504
0.00107614398	521.437927	4.13072252
0.00109125171	505.425476	4.03884506
0.00110635934	483.902557	3.92615438
0.00112146707	462.38501	3.81607938
0.0011365748	434.579163	3.66755223
0.00115168253	416.922974	3.57502055
0.00116679026	397.579651	3.47407007
0.0011818978900000002	378.812592	3.37153006
0.0011970056200000002	359.255768	3.26605725
0.0012121133500000002	347.638275	3.19480681
0.0012272210800000002	333.796082	3.11003709
0.0012423288100000002	319.91217	3.03285217
0.00125743644	299.770355	2.91999745
0.00127254417	290.320435	2.85889435
0.0012876519	283.721741	2.80588651
0.00130275963	268.656708	2.71805263
0.00131786736	253.391891	2.63363123
0.0013329749900000002	244.968307	2.57366037
0.0013480827200000002	231.919464	2.49170184
0.0013631904500000002	227.78537	2.46268892
0.0013782981800000002	215.641678	2.37626076
0.0013934059100000002	207.468628	2.32167196
0.0014085136400000002	198.908081	2.26490974
0.0014236212700000001	192.699997	2.22540998
0.0014387290000000001	181.546875	2.14238596
0.0014538367300000001	181.67836	2.13945317
0.0014689444600000001	171.322922	2.06561828
0.00148405218	162.091888	2.00459409
0.00149915982	157.773972	1.97437882
0.00151426755	154.439102	1.93842661
0.00152937528	148.858261	1.89524496
0.00154448301	140.309814	1.83691907
0.0015595907300000001	137.192291	1.8096956
0.0015746984600000001	132.038651	1.77611935
0.0015898061900000001	129.086761	1.74538791
0.0016049139200000001	124.850914	1.70786977
0.00162002146	118.17701	1.66025078
0.00163512919	113.317772	1.62618804
0.00165023692	110.804749	1.60248959
0.00166534465	105.20018	1.55021429
0.00168045238	100.888847	1.52119994
0.00169556011	98.6947479	1.50418389
0.00171066783	96.8522186	1.48124349
0.00172577556	94.0001831	1.45043004
0.00174088329	91.7094574	1.42964208
0.00175599102	88.9487915	1.40314054
0.00177109856	87.5225372	1.3894068
0.00178620629	82.5696411	1.34626424
0.00180131402	81.4626465	1.33730841
0.00181642175	77.2726593	1.29606295
0.00183152948	76.6279373	1.28929973
0.0018466372000000002	74.5726776	1.26417196
0.0018617449300000002	73.0992203	1.25288153
0.0018768526600000002	68.5750656	1.22450185
0.0018919603900000002	67.4427643	1.22868693
0.0019070681200000002	63.6798973	1.20437717
0.0019221758500000002	60.7392159	1.18588102
0.00193728339	59.8369293	1.17497182
0.0019674988500000003	59.8460681	0.677867937
0.00201282203	53.646759	0.649633556
0.00205814522	49.8120371	0.62153201
0.0021034682200000003	46.2438876	0.586884652
0.0021487914000000003	42.7062085	0.557964809
0.0021941145900000003	39.0032667	0.529512199
0.00223943777	36.8351326	0.512317345
0.0022847607700000002	33.6294963	0.489556925
0.0023300839600000002	31.5717201	0.471131574
0.0023754071400000003	29.4444879	0.454585365
0.00242073014	28.0083993	0.441200851
0.00246605333	25.5142994	0.422890745
0.00251137652	25.1986128	0.417072693
0.0025566997	22.6606051	0.39790737
0.0026020227	21.7894395	0.389014347
0.00266245361	19.9661698	0.289014135
0.0027379920700000004	18.1149384	0.276339087
0.00281353071	16.1505566	0.270688887
0.00288906917	15.0588329	0.266176596
0.0029646078100000004	13.7838381	0.259319661
0.0030401462700000003	12.1781965	0.250250708
0.0031156849100000003	11.3910753	0.24508849
0.0031912233700000002	10.5477404	0.238824205
0.0032667622000000004	9.89661045	0.234722715
0.00334230065	9.16200161	0.22616214
0.0034178391099999998	8.07442293	0.212002257
0.0034933775700000005	7.34656401	0.20311656
0.0035689164000000002	7.03290405	0.197582453
0.00364445485	6.72327128	0.192561263
0.00371999331	6.33630686	0.187589069
0.0037955317600000004	5.63076572	0.181700195
0.0038710705900000006	5.57877321	0.179240236
0.00396171659	5.07690253	0.147390086
0.00406747088	4.45350184	0.141895032
0.00417322479	3.79406973	0.136596485
0.00427897871	3.64664432	0.133183287
0.004384732620000001	3.21806822	0.12868421
0.00449048653	2.96688138	0.125275771
0.00459624045	2.67730825	0.121500571
0.004701994730000001	2.57709817	0.11887661
0.004807748650000001	2.3599299	0.116218362
0.0049135025600000005	1.97706359	0.112913962
0.0050192564700000004	1.94498355	0.113009484
0.00512501039	1.7327411	0.113468386
0.0052307643	1.62630144	0.112924778
0.00535162613	1.57378932	0.0992850487
0.0054875955	1.34408955	0.0976813291
0.00562356487	1.20048114	0.0943417742
0.00575953424	1.08283732	0.0909996328
0.00589550361	0.956788687	0.0890549579
0.006031472980000001	0.833541373	0.0873527774
0.00616744235	0.896685939	0.0858424933
0.006303411720000001	0.746067517	0.0840270113
0.006439381090000001	0.759148664	0.0828197363
0.00659045875	0.694285176	0.0736068206
0.006756643210000001	0.632906751	0.0723865143
0.00692282841	0.638824707	0.0715561878
0.0070890128600000005	0.584301168	0.0704526081
0.00725519732	0.56983245	0.0696069526
0.00742138252	0.531088905	0.0684807082
0.00758756697	0.493994436	0.0673350235
0.00775375217	0.491072936	0.0662497111
0.00793504491	0.41213114	0.0598094405
0.0081314452	0.348233819	0.0586878069
0.00832784548	0.371245412	0.0578372455
0.00852424502	0.335448898	0.0569245127
0.00872064531	0.315847097	0.0561394758
0.00891704559	0.283830409	0.0553432324
0.00911344588	0.243143948	0.0546175925
0.00932495371	0.236752697	0.0501235385
0.009551569820000001	0.218553332	0.0494077087
0.00977818519	0.200179422	0.0486774085
0.010004801300000001	0.189976494	0.0480428978
0.0102314167	0.170098273	0.047412729
0.010458032	0.176354836	0.0468555219
0.0106997557	0.149163113	0.0433939069
0.0109565869	0.143130221	0.0428073844
0.0112134181	0.123509532	0.0431490624
0.0114702493	0.109165907	0.0434943067
0.0117270797	0.0930722549	0.0428939596
0.0119990192	0.0976088329	0.0393898368
0.0122860655	0.0936083849	0.0386315846
0.0125731125	0.0798111793	0.0379532051
0.0128601581	0.0705415685	0.0373540458
0.013162311900000001	0.078492728	0.0350085134
0.013479574000000001	0.0736399562	0.035361121
0.013796836100000001	0.0542974784	0.0363330236
0.0141140983	0.0537654786	0.0373075383
0.014446468700000001	0.0637701374	0.0362888518
0.0147939458	0.0535153261	0.0365646152
0.015141423000000001	0.0610701059	0.0369371579
0.0154889002	0.0604904126	0.0372563015
0.0158514857	0.0473780698	0.0359868085
0.016229178	0.0533040613	0.0362018942
0.016606870300000003	0.0600228399	0.0363802439
0.0169845641	0.0603092587	0.0365201346
0.0173773646	0.0395078394	0.0352286467
0.017785272	0.0428013815	0.0364594218
0.0181931809	0.0378914801	0.0378668611
0.0186161965	0.0437102056	0.0376333995
0.0190543205	0.0279944853	0.0388132067
0.019492442900000004	0.0166812904	0.0411558561
0.0199456751	0.0204342589	0.0442369742
0.0204140142	0.0267929295	0.0483842231
0.020882353200000002	0.0316223125	0.0526879404
0.021365799	0.0349892088	0.0557795819
0.0218643546	0.0308328303	0.0625961847
0.022362908700000003	0.0153462701	0.0700712974
0.022876571100000003	0.0123174504	0.0765662582
0.0234053403	-0.00269367757	0.0890018965
0.023949217800000002	0.00372448891	0.102621234
0.0245082036	0.0318544655	0.119459246
0.025082296100000002	-0.00817121133	0.143958451
0.025671497	0.0491571259	0.216014266
