q[nm-1]	I(q)[sr-1]_rebin(no_smoothing,TAPBdmpdaStandardLowQ_eiger2_18354_sub.dat_00001_[sub(TAPBdmpdaStandardLowQ_eiger2_18354_ave.h5_00001_[AN_3_30_36_RXN_90C]-TAPBdmpdaStandardLowQ_eiger2_18148_av_ave.h5_00001_[AN_3_30_36_PRM_90C])],1,0.0050)	error
0.00010925045900000001	342915.75	2779.91699
0.000124358176	1828.875	1132.37646
0.000139465882	-109902.625	616.065918
0.00015457359800000002	2182.03125	363.950623
0.000169681304	18820.0156	240.350174
0.000184789021	21970.6797	176.738373
0.00019989672600000002	23022.8672	139.520325
0.000215004431	21775.7461	114.456291
0.00023011216	20863.4336	97.5636139
0.00024521986500000004	19639.4062	84.3319244
0.00026032757000000003	18191.332	74.0696411
0.000275435275	16235.0176	65.0481644
0.000290542981	14789.0732	56.5836983
0.000305650709	13476.3809	49.4209404
0.00032075841400000006	12183.4824	43.4406166
0.00033586612	11141.4434	39.43713
0.00035097382500000004	10209.0889	36.4488754
0.00036608155400000004	9573.99023	34.0367126
0.00038118925900000003	8648.60938	31.3048458
0.00039629698700000004	7862.03125	29.107151
0.00041140466900000007	7248.479	27.2851524
0.0004265123980000001	6556.92725	25.3436623
0.00044162008	5956.47559	23.6462021
0.000456727808	5556.87988	22.3662815
0.000471835537	5160.06836	21.1101398
0.00048694321900000004	4685.01562	19.7682629
0.000502050947	4274.98926	18.6008911
0.000517158676	3935.10156	17.5155621
0.0005322663580000001	3723.72266	16.7138538
0.0005473740860000001	3490.06763	15.872694
0.000562481768	3277.10693	15.0999899
0.000577589497	3069.10889	14.4059525
0.0005926972260000001	2864.80664	13.709466
0.000607804907	2663.52905	13.0066204
0.000622912636	2506.85889	12.4453583
0.000638020318	2347.89429	11.848135
0.000653128047	2220.80957	11.3797817
0.000668235775	2081.57593	10.8827963
0.000683343457	1955.86755	10.4265928
0.000698451186	1846.70178	9.99938679
0.000713558914	1763.25256	9.64538383
0.000728666596	1633.24805	9.17259502
0.000743774325	1543.63013	8.83150959
0.0007588820070000001	1455.5979	8.49164772
0.0007739897350000001	1354.06946	8.09394455
0.0007890974170000001	1300.81274	7.86143494
0.000804205146	1231.15869	7.56360722
0.000819312874	1173.41931	7.31683779
0.0008344206030000001	1104.55603	7.03078604
0.0008495283310000001	1033.89062	6.74145889
0.0008646359669999999	990.074829	6.54976749
0.0008797436949999999	929.950378	6.28129435
0.000894851424	887.205994	6.08596897
0.000909959152	837.002563	5.85926771
0.0009250668809999999	789.09491	5.64923048
0.0009401745160000001	753.159302	5.47963667
0.000955282245	713.166992	5.29158688
0.000970389973	676.414551	5.10780525
0.0009854977020000001	642.438049	4.94098711
0.00100060543	608.51416	4.78564072
0.00101571307	581.926941	4.64631224
0.00103082079	549.043274	4.47609377
0.00104592852	526.326477	4.35410976
0.00106103625	496.056793	4.19087172
0.00107614398	474.95047	4.07361317
0.00109125171	449.497864	3.94028544
0.00110635934	432.740021	3.8426156
0.00112146707	411.728394	3.71892381
0.0011365748	392.302856	3.61010432
0.00115168253	373.545776	3.50200272
0.00116679026	353.119965	3.38299608
0.0011818978900000002	341.312195	3.30855656
0.0011970056200000002	325.183899	3.21342731
0.0012121133500000002	309.990082	3.12451839
0.0012272210800000002	297.563232	3.03937387
0.0012423288100000002	287.742371	2.97517252
0.00125743644	265.592194	2.83559728
0.00127254417	259.370667	2.80143166
0.0012876519	245.978241	2.70718598
0.00130275963	236.847931	2.64773202
0.00131786736	225.978378	2.57437158
0.0013329749900000002	223.588882	2.54538798
0.0013480827200000002	210.077881	2.4535501
0.0013631904500000002	204.8685	2.41482592
0.0013782981800000002	192.83725	2.32778287
0.0013934059100000002	185.554779	2.27496433
0.0014085136400000002	178.028275	2.22194195
0.0014236212700000001	171.574738	2.16995311
0.0014387290000000001	166.777191	2.1306324
0.0014538367300000001	159.584274	2.07724881
0.0014689444600000001	153.648956	2.02522588
0.00148405218	148.679337	1.98281384
0.00149915982	143.981995	1.95361376
0.00151426755	138.072525	1.90271556
0.00152937528	135.070236	1.87199175
0.00154448301	132.995148	1.85265768
0.0015595907300000001	127.69899	1.80836129
0.0015746984600000001	119.986992	1.7560823
0.0015898061900000001	115.611954	1.70866513
0.0016049139200000001	113.052803	1.68817043
0.00162002146	108.310951	1.64816523
0.00163512919	102.813477	1.60137749
0.00165023692	102.578064	1.59812653
0.00166534465	98.7815704	1.55843675
0.00168045238	94.4354401	1.52377844
0.00169556011	91.7780609	1.49806345
0.00171066783	86.7828064	1.4565891
0.00172577556	85.5484924	1.43823028
0.00174088329	83.3776474	1.41210353
0.00175599102	80.6708221	1.39031267
0.00177109856	77.6800766	1.35929382
0.00178620629	76.9102478	1.34572005
0.00180131402	76.3831329	1.33907592
0.00181642175	70.6994171	1.28432393
0.00183152948	70.7738037	1.28531742
0.0018466372000000002	66.3830566	1.2410152
0.0018617449300000002	65.0888138	1.230322
0.0018768526600000002	65.219574	1.23867035
0.0018919603900000002	63.1371078	1.23412097
0.0019070681200000002	58.7603798	1.20215476
0.0019221758500000002	59.1389275	1.20948648
0.00193728339	54.9117584	1.17061484
0.0019674988500000003	53.7791634	0.670989229
0.00201282203	49.5883293	0.649954789
0.00205814522	46.1639023	0.622023364
0.0021034682200000003	43.0727781	0.58786686
0.0021487914000000003	38.5485776	0.55225332
0.0021941145900000003	36.6484973	0.534800979
0.00223943777	33.7901955	0.512399246
0.0022847607700000002	31.4121812	0.492552602
0.0023300839600000002	29.4403699	0.474652547
0.0023754071400000003	27.5808608	0.458999443
0.00242073014	26.3057384	0.445737197
0.00246605333	25.2779999	0.435207894
0.00251137652	22.8206514	0.417401625
0.0025566997	21.5763594	0.405810807
0.0026020227	20.3988368	0.393181638
0.00266245361	19.2112991	0.295397691
0.0027379920700000004	17.6053673	0.282456638
0.00281353071	15.8066061	0.278110977
0.00288906917	14.153571	0.270373177
0.0029646078100000004	12.7293222	0.262803463
0.0030401462700000003	12.3487104	0.25980065
0.0031156849100000003	11.0278074	0.25125635
0.0031912233700000002	10.2243248	0.24527836
0.0032667622000000004	9.39694805	0.240474481
0.00334230065	8.70129471	0.232010028
0.0034178391099999998	7.99725695	0.219296394
0.0034933775700000005	7.5905242	0.211513746
0.0035689164000000002	7.185462	0.205415829
0.00364445485	6.5767354	0.198843612
0.00371999331	6.19959917	0.19367246
0.0037955317600000004	5.52651291	0.187614484
0.0038710705900000006	5.4118144	0.184799947
0.00396171659	4.81664181	0.151746119
0.00406747088	4.58900138	0.148036369
0.00417322479	3.98787679	0.142547957
0.00427897871	3.75381074	0.138695465
0.004384732620000001	3.4774207	0.134917944
0.00449048653	3.15880418	0.130733103
0.00459624045	2.79536019	0.12685454
0.004701994730000001	2.65606291	0.123988294
0.004807748650000001	2.36844438	0.120932411
0.0049135025600000005	2.33255121	0.119032988
0.0050192564700000004	2.01656267	0.117993947
0.00512501039	1.74163064	0.118313753
0.0052307643	1.7418599	0.118317172
0.00535162613	1.61305466	0.103538004
0.0054875955	1.41047898	0.102054362
0.00562356487	1.23703652	0.0985649875
0.00575953424	1.1920999	0.0952704067
0.00589550361	1.12355397	0.093546781
0.006031472980000001	1.03124146	0.0918679036
0.00616744235	0.935630646	0.0897017765
0.006303411720000001	0.828376579	0.0879797731
0.006439381090000001	0.830111609	0.0867278466
0.00659045875	0.756608941	0.0770128671
0.006756643210000001	0.736119021	0.0758706153
0.00692282841	0.734717298	0.0748770776
0.0070890128600000005	0.661618222	0.0737622072
0.00725519732	0.597543798	0.0727279119
0.00742138252	0.621993303	0.0717014482
0.00758756697	0.546987983	0.0704146305
0.00775375217	0.489459764	0.0691730784
0.00793504491	0.468503406	0.0625848725
0.0081314452	0.411772944	0.0614746767
0.00832784548	0.410544451	0.0605117757
0.00852424502	0.35749992	0.0595536802
0.00872064531	0.322380064	0.0586766621
0.00891704559	0.312381167	0.0578893266
0.00911344588	0.294685533	0.0572106045
0.00932495371	0.295661684	0.0525269486
0.009551569820000001	0.242759192	0.0516923345
0.00977818519	0.235556126	0.0509703813
0.010004801300000001	0.206775624	0.0502653036
0.0102314167	0.200926602	0.0496289961
0.010458032	0.16556916	0.0489570988
0.0106997557	0.18155542	0.0454461655
0.0109565869	0.151640404	0.0447724481
0.0112134181	0.151239605	0.0451644907
0.0114702493	0.117424169	0.0454926297
0.0117270797	0.13197252	0.044926288
0.0119990192	0.12842167	0.0412449078
0.0122860655	0.103434481	0.0404058268
0.0125731125	0.117258305	0.039757983
0.0128601581	0.097026719	0.0391124002
0.013162311900000001	0.110318444	0.0366637346
0.013479574000000001	0.0845450873	0.0370020251
0.013796836100000001	0.101303239	0.0380812291
0.0141140983	0.0837771169	0.0390688516
0.014446468700000001	0.0963681366	0.0380047449
0.0147939458	0.156836922	0.0384510926
0.015141423000000001	0.0920128615	0.0386834747
0.0154889002	0.086556999	0.0390082325
0.0158514857	0.080898205	0.0376955717
0.016229178	0.0751664257	0.0379052519
0.016606870300000003	0.0772600579	0.038077634
0.0169845641	0.0830377191	0.0382348625
0.0173773646	0.0654674421	0.036893452
0.017785272	0.0704808552	0.0381788679
0.0181931809	0.051530109	0.0396322047
0.0186161965	0.0495945454	0.0393723045
0.0190543205	0.04557064	0.0406307136
0.019492442900000004	0.0633056542	0.0431432791
0.0199456751	0.0534367756	0.0463530626
0.0204140142	0.0238209813	0.050613228
0.020882353200000002	0.0480303781	0.0551621812
0.021365799	0.0375719689	0.0583566235
0.0218643546	0.0443292448	0.0655209912
0.022362908700000003	0.0340781842	0.0733610043
0.022876571100000003	0.0339494922	0.0801793605
0.0234053403	0.0230935756	0.0932156301
0.023949217800000002	0.0306456532	0.107501672
0.0245082036	0.041102694	0.125070564
0.025082296100000002	0.0146253145	0.150745191
0.025671497	0.0509363455	0.225770957
