q[nm-1]	I(q)[sr-1]_rebin(no_smoothing,TAPBdmpdaStandardLowQ_eiger2_18581_sub.dat_00001_[sub(TAPBdmpdaStandardLowQ_eiger2_18581_ave.h5_00001_[AN_3_30_36_RXN_90C]-TAPBdmpdaStandardLowQ_eiger2_18148_av_ave.h5_00001_[AN_3_30_36_PRM_90C])],1,0.0050)	error
0.00010925045900000001	-593144.625	2238.64819
0.000124358176	-23973.0	1078.87927
0.000139465882	110041.438	684.905823
0.00015457359800000002	68292.25	386.003052
0.000169681304	45972.5781	252.022247
0.000184789021	36486.1719	183.048294
0.00019989672600000002	31297.9062	142.74855
0.000215004431	27854.7891	117.037247
0.00023011216	25786.1211	99.6774521
0.00024521986500000004	23907.3281	86.5500717
0.00026032757000000003	21302.3633	75.4403763
0.000275435275	19546.6367	67.3306961
0.000290542981	17045.9453	57.6948624
0.000305650709	15571.9766	50.7137184
0.00032075841400000006	13778.6543	44.2361908
0.00033586612	12319.9551	39.9178047
0.00035097382500000004	11015.9326	36.6020164
0.00036608155400000004	9917.46777	33.6186104
0.00038118925900000003	9101.66406	31.2487469
0.00039629698700000004	8259.48926	29.015379
0.00041140466900000007	7521.64404	27.0372925
0.0004265123980000001	6901.59326	25.2839012
0.00044162008	6327.61475	23.682621
0.000456727808	5871.8125	22.3525257
0.000471835537	5469.29199	21.1281013
0.00048694321900000004	5010.86426	19.8696079
0.000502050947	4609.97363	18.7615509
0.000517158676	4260.28906	17.6990356
0.0005322663580000001	4035.50195	16.9051838
0.0005473740860000001	3822.87036	16.1172485
0.000562481768	3567.11035	15.3014631
0.000577589497	3314.93604	14.5491304
0.0005926972260000001	3149.01318	13.9624348
0.000607804907	2900.40356	13.1858416
0.000622912636	2725.86865	12.614603
0.000638020318	2582.11621	12.0895071
0.000653128047	2460.25269	11.6389399
0.000668235775	2320.04395	11.1480598
0.000683343457	2161.71777	10.6348839
0.000698451186	2023.42468	10.1681995
0.000713558914	1892.17114	9.71889496
0.000728666596	1771.86597	9.3134594
0.000743774325	1686.2312	8.98241234
0.0007588820070000001	1603.86914	8.67118359
0.0007739897350000001	1507.54089	8.3093338
0.0007890974170000001	1421.61462	7.9833765
0.000804205146	1347.95007	7.70650911
0.000819312874	1284.9917	7.44041395
0.0008344206030000001	1225.81335	7.19070244
0.0008495283310000001	1163.18628	6.95660257
0.0008646359669999999	1082.53357	6.66244364
0.0008797436949999999	1019.34027	6.39835453
0.000894851424	974.508484	6.19570494
0.000909959152	923.041504	5.98164558
0.0009250668809999999	874.034546	5.7763772
0.0009401745160000001	822.144592	5.5590806
0.000955282245	794.888855	5.42804575
0.000970389973	749.122192	5.21780157
0.0009854977020000001	717.50061	5.07109594
0.00100060543	683.574097	4.91747522
0.00101571307	648.097229	4.74862814
0.00103082079	615.743469	4.60246563
0.00104592852	576.444763	4.42255497
0.00106103625	553.488892	4.30258942
0.00107614398	524.276123	4.15465546
0.00109125171	504.180298	4.04459429
0.00110635934	481.389191	3.92584133
0.00112146707	460.43219	3.82023501
0.0011365748	436.533447	3.69758224
0.00115168253	414.496918	3.57265353
0.00116679026	399.02533	3.48624134
0.0011818978900000002	380.615814	3.38921595
0.0011970056200000002	365.971741	3.30678058
0.0012121133500000002	347.190033	3.20157123
0.0012272210800000002	333.798767	3.12033057
0.0012423288100000002	318.296936	3.02904177
0.00125743644	302.437225	2.93664002
0.00127254417	295.371399	2.88945913
0.0012876519	281.15094	2.79621625
0.00130275963	264.166931	2.70492387
0.00131786736	250.054428	2.62828732
0.0013329749900000002	242.44014	2.57306933
0.0013480827200000002	233.747772	2.51244068
0.0013631904500000002	222.789032	2.44072342
0.0013782981800000002	216.38089	2.39555287
0.0013934059100000002	209.42514	2.34067535
0.0014085136400000002	198.275757	2.26818395
0.0014236212700000001	193.284317	2.2320807
0.0014387290000000001	184.76944	2.16964459
0.0014538367300000001	176.671646	2.11415148
0.0014689444600000001	173.755585	2.09300113
0.00148405218	162.422867	2.0147531
0.00149915982	155.032364	1.9699204
0.00151426755	150.056839	1.92806864
0.00152937528	146.948578	1.89623392
0.00154448301	141.750946	1.85549164
0.0015595907300000001	136.012207	1.81180036
0.0015746984600000001	130.304672	1.77641129
0.0015898061900000001	125.651108	1.73016274
0.0016049139200000001	121.170006	1.68963671
0.00162002146	119.234245	1.67157817
0.00163512919	116.136909	1.64547348
0.00165023692	111.808792	1.61260831
0.00166534465	105.656433	1.55949116
0.00168045238	103.202583	1.53570473
0.00169556011	101.006271	1.51651692
0.00171066783	96.698822	1.48106706
0.00172577556	95.5413589	1.46861064
0.00174088329	92.2041473	1.43937826
0.00175599102	88.0983124	1.40390384
0.00177109856	86.449379	1.38797331
0.00178620629	83.6889954	1.36277926
0.00180131402	79.9947815	1.32612777
0.00181642175	79.4078064	1.31475854
0.00183152948	75.5442734	1.28216946
0.0018466372000000002	73.6067734	1.26625788
0.0018617449300000002	69.333519	1.22861576
0.0018768526600000002	69.7945557	1.24159586
0.0018919603900000002	68.4452515	1.24099934
0.0019070681200000002	63.8414955	1.20460498
0.0019221758500000002	63.4862556	1.20885539
0.00193728339	60.9750671	1.18914902
0.0019674988500000003	59.0687218	0.677286761
0.00201282203	54.0332019	0.652636808
0.00205814522	50.434761	0.627439625
0.0021034682200000003	48.27867	0.597039194
0.0021487914000000003	43.8252195	0.565578324
0.0021941145900000003	40.4671745	0.540280361
0.00223943777	36.7068926	0.512927876
0.0022847607700000002	34.515892	0.4964869
0.0023300839600000002	31.7471708	0.473914276
0.0023754071400000003	30.043773	0.459444552
0.00242073014	27.9743163	0.442606163
0.00246605333	25.6566474	0.42652424
0.00251137652	24.2544804	0.41426427
0.0025566997	23.7345734	0.405414836
0.0026020227	21.9900646	0.391149532
0.00266245361	20.0304184	0.290448478
0.0027379920700000004	18.258717	0.27779094
0.00281353071	16.5945398	0.27340799
0.00288906917	15.5687821	0.269716591
0.0029646078100000004	14.1835298	0.261879971
0.0030401462700000003	12.8792978	0.254643454
0.0031156849100000003	11.8877109	0.248434643
0.0031912233700000002	10.6008289	0.24033632
0.0032667622000000004	9.82399272	0.235416429
0.00334230065	9.18897801	0.227226825
0.0034178391099999998	8.22113294	0.213995237
0.0034933775700000005	8.09148445	0.207654698
0.0035689164000000002	7.50863247	0.200789209
0.00364445485	6.76344328	0.193587192
0.00371999331	6.22603312	0.188252075
0.0037955317600000004	5.62254334	0.182571185
0.0038710705900000006	5.49675265	0.179568345
0.00396171659	4.99812106	0.147829095
0.00406747088	4.55727659	0.143131844
0.00417322479	4.268116	0.139146103
0.00427897871	3.58568995	0.133526079
0.004384732620000001	3.44223012	0.130237905
0.00449048653	3.08659891	0.126313957
0.00459624045	2.90002418	0.123061544
0.004701994730000001	2.58409006	0.119465668
0.004807748650000001	2.37781695	0.116966302
0.0049135025600000005	1.98944409	0.113584637
0.0050192564700000004	1.96601967	0.113582927
0.00512501039	1.76232445	0.114122538
0.0052307643	1.59093675	0.113483439
0.00535162613	1.52018427	0.0996110451
0.0054875955	1.38386248	0.0983861536
0.00562356487	1.22105218	0.0949528789
0.00575953424	1.11950388	0.0916439921
0.00589550361	0.956621316	0.0895323243
0.006031472980000001	0.922833939	0.0880762768
0.00616744235	0.870272855	0.0861910717
0.006303411720000001	0.823952602	0.0847584434
0.006439381090000001	0.727365984	0.0831230942
0.00659045875	0.716447451	0.0741196234
0.006756643210000001	0.648656358	0.0728318241
0.00692282841	0.622204071	0.0718482111
0.0070890128600000005	0.600310943	0.0708737957
0.00725519732	0.554384757	0.0699248507
0.00742138252	0.621911883	0.069141716
0.00758756697	0.504660091	0.0677089313
0.00775375217	0.429860895	0.0664858084
0.00793504491	0.434758957	0.0601743475
0.0081314452	0.356800002	0.0590478615
0.00832784548	0.321543043	0.0580367396
0.00852424502	0.329666528	0.0572471829
0.00872064531	0.267385462	0.0563223491
0.00891704559	0.285987863	0.0556636989
0.00911344588	0.24045731	0.0549110128
0.00932495371	0.235549649	0.050423971
0.009551569820000001	0.2200659	0.0496865568
0.00977818519	0.188318553	0.0489338023
0.010004801300000001	0.187136078	0.0483022847
0.0102314167	0.186109777	0.0477227262
0.010458032	0.155312667	0.0470852847
0.0106997557	0.147687582	0.043645687
0.0109565869	0.114379242	0.0430020026
0.0112134181	0.125481312	0.0433980649
0.0114702493	0.116508934	0.0437597467
0.0117270797	0.0954274079	0.0431547458
0.0119990192	0.0994057584	0.0396212391
0.0122860655	0.0871775189	0.0388382352
0.0125731125	0.0846022014	0.0381832554
0.0128601581	0.0918841244	0.0376124562
0.013162311900000001	0.0964001502	0.0352414815
0.013479574000000001	0.0568330061	0.0355347818
0.013796836100000001	0.0658765017	0.0365632712
0.0141140983	0.072505411	0.0375520487
0.014446468700000001	0.0557588047	0.0364860977
0.0147939458	0.0581212834	0.0367825141
0.015141423000000001	0.0503050153	0.0371332547
0.0154889002	0.0633354207	0.0374766133
0.0158514857	0.0646531779	0.0362256937
0.016229178	0.0547418696	0.0364128661
0.016606870300000003	0.0545452207	0.0365813897
0.0169845641	0.0447191691	0.0367050861
0.0173773646	0.0417280545	0.0354380128
0.017785272	0.0373113997	0.0366597446
0.0181931809	0.0247619941	0.0380654976
0.0186161965	0.0340703428	0.0378345999
0.0190543205	0.0332495956	0.0390483353
0.019492442900000004	0.0196567062	0.0413999963
0.0199456751	0.0261231704	0.0445022603
0.0204140142	0.022258878	0.0486570987
0.020882353200000002	0.0251950682	0.052979675
0.021365799	0.0236086576	0.0560782432
0.0218643546	0.0126044301	0.0629043995
0.022362908700000003	0.0130770676	0.0704688768
0.022876571100000003	0.024606351	0.0770489678
0.0234053403	0.0141341806	0.0895799631
0.023949217800000002	0.027299758	0.103332578
0.0245082036	0.040715984	0.120204479
0.025082296100000002	0.0177719135	0.144972836
0.025671497	-0.00107308892	0.21683961
