q[nm-1]	I(q)[sr-1]_rebin(no_smoothing,TAPBdmpdaStandardLowQ_eiger2_18471_sub.dat_00001_[sub(TAPBdmpdaStandardLowQ_eiger2_18471_ave.h5_00001_[AN_3_30_36_RXN_90C]-TAPBdmpdaStandardLowQ_eiger2_18148_av_ave.h5_00001_[AN_3_30_36_PRM_90C])],1,0.0050)	error
0.00010925045900000001	116268.25	2625.66626
0.000124358176	-36293.25	1089.90198
0.000139465882	-7646.875	645.638306
0.00015457359800000002	52593.875	381.557526
0.000169681304	38410.25	247.910202
0.000184789021	32151.9688	180.75827
0.00019989672600000002	29230.9766	141.869949
0.000215004431	27457.082	117.352844
0.00023011216	24789.0273	99.1667862
0.00024521986500000004	22290.6953	85.1282959
0.00026032757000000003	20257.7109	74.5136566
0.000275435275	18015.4492	65.5027466
0.000290542981	15550.8037	56.0332222
0.000305650709	13942.8223	48.8033104
0.00032075841400000006	12467.4688	42.6696243
0.00033586612	11413.1211	38.8258476
0.00035097382500000004	10284.2217	35.6332855
0.00036608155400000004	9318.00879	32.7884903
0.00038118925900000003	8450.92578	30.3375397
0.00039629698700000004	7718.93652	28.2271194
0.00041140466900000007	7083.30518	26.3481007
0.0004265123980000001	6555.88135	24.7739964
0.00044162008	6029.22217	23.2202911
0.000456727808	5530.4502	21.7885647
0.000471835537	5104.96387	20.5288086
0.00048694321900000004	4683.70703	19.3053112
0.000502050947	4369.85498	18.3244724
0.000517158676	4111.12451	17.4377594
0.0005322663580000001	3840.26465	16.5338249
0.0005473740860000001	3614.21558	15.7310114
0.000562481768	3397.70654	14.9476452
0.000577589497	3171.20337	14.2493668
0.0005926972260000001	2954.56519	13.5564594
0.000607804907	2808.35791	12.9959965
0.000622912636	2635.20947	12.395277
0.000638020318	2494.85278	11.8731852
0.000653128047	2366.35352	11.4114485
0.000668235775	2228.45581	10.9379635
0.000683343457	2084.98047	10.4470673
0.000698451186	1939.92834	9.95940781
0.000713558914	1850.63574	9.62240982
0.000728666596	1746.02246	9.24524212
0.000743774325	1639.08008	8.84854126
0.0007588820070000001	1551.86475	8.5266037
0.0007739897350000001	1465.84766	8.18734264
0.0007890974170000001	1386.53198	7.8820982
0.000804205146	1299.39685	7.56007671
0.000819312874	1245.44141	7.32183218
0.0008344206030000001	1189.38794	7.0966692
0.0008495283310000001	1113.06323	6.79908991
0.0008646359669999999	1055.36877	6.56794691
0.0008797436949999999	999.554749	6.32803774
0.000894851424	953.850891	6.12458849
0.000909959152	912.239014	5.95155525
0.0009250668809999999	861.402222	5.72597647
0.0009401745160000001	813.445496	5.52393866
0.000955282245	772.407654	5.34165668
0.000970389973	743.602661	5.19428825
0.0009854977020000001	691.926392	4.97857952
0.00100060543	653.853271	4.81587029
0.00101571307	630.505005	4.68725443
0.00103082079	603.55426	4.55547428
0.00104592852	573.103149	4.40388346
0.00106103625	539.950256	4.23646307
0.00107614398	523.956604	4.14648533
0.00109125171	495.5578	4.00370836
0.00110635934	475.489594	3.90334439
0.00112146707	452.448914	3.7776494
0.0011365748	427.450928	3.65471268
0.00115168253	405.13443	3.53604937
0.00116679026	394.452606	3.46800423
0.0011818978900000002	375.560547	3.36124969
0.0011970056200000002	358.358856	3.26698089
0.0012121133500000002	343.745392	3.18810844
0.0012272210800000002	321.909485	3.05883098
0.0012423288100000002	312.092346	2.99961066
0.00125743644	299.365082	2.92692399
0.00127254417	285.311218	2.83794451
0.0012876519	278.34314	2.78934026
0.00130275963	264.064728	2.70087743
0.00131786736	250.000595	2.61888671
0.0013329749900000002	239.610703	2.55505443
0.0013480827200000002	229.594452	2.48490143
0.0013631904500000002	227.269958	2.45997453
0.0013782981800000002	212.961441	2.37022471
0.0013934059100000002	208.542786	2.33382273
0.0014085136400000002	199.232529	2.26754689
0.0014236212700000001	190.819351	2.21515775
0.0014387290000000001	182.720688	2.15703869
0.0014538367300000001	175.23999	2.1051445
0.0014689444600000001	168.565628	2.0548234
0.00148405218	166.56813	2.03757429
0.00149915982	157.807281	1.97477531
0.00151426755	153.274063	1.9382
0.00152937528	145.424652	1.87698328
0.00154448301	140.851593	1.84368944
0.0015595907300000001	136.218231	1.80656183
0.0015746984600000001	131.892654	1.7797848
0.0015898061900000001	125.957336	1.72454321
0.0016049139200000001	122.010323	1.69575155
0.00162002146	119.106285	1.66960359
0.00163512919	113.515816	1.62694716
0.00165023692	109.150406	1.59164345
0.00166534465	108.442062	1.57308877
0.00168045238	106.155388	1.55570614
0.00169556011	98.9810333	1.5054493
0.00171066783	93.7447968	1.45948303
0.00172577556	95.0498657	1.45671594
0.00174088329	93.5176315	1.44261241
0.00175599102	87.769577	1.39842546
0.00177109856	82.6470642	1.35316861
0.00178620629	80.4298553	1.33534038
0.00180131402	78.9099274	1.31827831
0.00181642175	77.808609	1.30262601
0.00183152948	75.9512405	1.28466773
0.0018466372000000002	72.5611649	1.249138
0.0018617449300000002	71.944603	1.24904954
0.0018768526600000002	67.0093994	1.21325028
0.0018919603900000002	66.3548508	1.22346604
0.0019070681200000002	64.3069305	1.21069741
0.0019221758500000002	64.1384888	1.21014941
0.00193728339	61.9973373	1.19245279
0.0019674988500000003	58.9615797	0.675510514
0.00201282203	54.8427327	0.654119046
0.00205814522	50.0325661	0.622382072
0.0021034682200000003	46.1425336	0.586530992
0.0021487914000000003	42.9522006	0.559922772
0.0021941145900000003	39.9384397	0.534591321
0.00223943777	36.7599284	0.513293729
0.0022847607700000002	35.132562	0.497649852
0.0023300839600000002	32.8141823	0.477944646
0.0023754071400000003	29.835048	0.455788096
0.00242073014	28.0506776	0.441299191
0.00246605333	26.7484639	0.430099555
0.00251137652	24.9282494	0.415798754
0.0025566997	23.1426506	0.401569984
0.0026020227	22.0075347	0.390348673
0.00266245361	20.5192684	0.29176708
0.0027379920700000004	18.6836273	0.279118116
0.00281353071	17.4257999	0.276629442
0.00288906917	15.5521381	0.268598631
0.0029646078100000004	14.0661818	0.260750497
0.0030401462700000003	12.9109457	0.254642558
0.0031156849100000003	11.8195013	0.247123843
0.0031912233700000002	11.0561888	0.241778694
0.0032667622000000004	9.93669032	0.235292994
0.00334230065	9.37981644	0.228059175
0.0034178391099999998	8.57800751	0.215243275
0.0034933775700000005	8.0706397	0.206901235
0.0035689164000000002	7.75474129	0.201483442
0.00364445485	7.02832136	0.194181402
0.00371999331	6.44090128	0.188382299
0.0037955317600000004	5.85685634	0.182910788
0.0038710705900000006	5.69797421	0.179895459
0.00396171659	5.24873148	0.148416445
0.00406747088	4.81388909	0.143551465
0.00417322479	4.40304518	0.139162795
0.00427897871	3.81650509	0.133938798
0.004384732620000001	3.77964323	0.131173219
0.00449048653	3.32145749	0.126761065
0.00459624045	3.12981098	0.123480326
0.004701994730000001	2.72432494	0.119662127
0.004807748650000001	2.42083301	0.116640212
0.0049135025600000005	2.25881859	0.114315911
0.0050192564700000004	2.30523917	0.114637625
0.00512501039	1.9380822	0.114493479
0.0052307643	1.77055742	0.113700268
0.00535162613	1.61553932	0.0995935909
0.0054875955	1.40252462	0.0980745224
0.00562356487	1.34627348	0.0950812453
0.00575953424	1.22940193	0.0916892198
0.00589550361	1.16933853	0.0899824009
0.006031472980000001	1.0607355	0.0882993328
0.00616744235	0.875069843	0.0859557902
0.006303411720000001	0.938604872	0.0848862051
0.006439381090000001	0.835366885	0.0832441336
0.00659045875	0.773081899	0.0739902785
0.006756643210000001	0.673679547	0.0726737858
0.00692282841	0.695667695	0.0718136796
0.0070890128600000005	0.744894526	0.0710242007
0.00725519732	0.59017778	0.0698216851
0.00742138252	0.615544211	0.0688875409
0.00758756697	0.564791815	0.0676521894
0.00775375217	0.515922091	0.0664575618
0.00793504491	0.450320258	0.0600223511
0.0081314452	0.453899397	0.0590707512
0.00832784548	0.39128205	0.0580194003
0.00852424502	0.32879823	0.0570176518
0.00872064531	0.360621895	0.0563833942
0.00891704559	0.291810604	0.0554848116
0.00911344588	0.272521445	0.0548140591
0.00932495371	0.282338894	0.0503388235
0.009551569820000001	0.237574649	0.0495484173
0.00977818519	0.23376622	0.0488529617
0.010004801300000001	0.190679117	0.0481466766
0.0102314167	0.190489685	0.0475556528
0.010458032	0.177015797	0.0469491712
0.0106997557	0.172768142	0.0435301247
0.0109565869	0.154220482	0.0429238263
0.0112134181	0.161139379	0.0433024892
0.0114702493	0.123321985	0.043614225
0.0117270797	0.120482559	0.0430342529
0.0119990192	0.109184427	0.0394879598
0.0122860655	0.110572112	0.0387417727
0.0125731125	0.10005408	0.0380668105
0.0128601581	0.109210462	0.0375005664
0.013162311900000001	0.0985088583	0.0351105672
0.013479574000000001	0.0903415247	0.0354583192
0.013796836100000001	0.0804676605	0.0364483722
0.0141140983	0.0685639744	0.0374046958
0.014446468700000001	0.0668969109	0.036367655
0.0147939458	0.0776539659	0.0366773474
0.015141423000000001	0.0774234209	0.0370407389
0.0154889002	0.0788318606	0.0373629593
0.0158514857	0.0722494388	0.0360997646
0.016229178	0.0669273961	0.0362991789
0.016606870300000003	0.0760080027	0.0364775556
0.0169845641	0.054189443	0.0365850054
0.0173773646	0.0624856452	0.0353375475
0.017785272	0.04720488	0.0365364395
0.0181931809	0.0461767923	0.0379597352
0.0186161965	0.0477780415	0.0377183477
0.0190543205	0.0422701615	0.0389175264
0.019492442900000004	0.0548350582	0.0413086856
0.0199456751	0.0440166941	0.0443799117
0.0204140142	0.0346640058	0.0484976251
0.020882353200000002	0.0392015749	0.0528188551
0.021365799	0.0275479256	0.0558704678
0.0218643546	0.0250133295	0.0626952026
0.022362908700000003	0.0256380093	0.0702398462
0.022876571100000003	0.0316141208	0.0767819087
0.0234053403	0.0370937189	0.0893428554
0.023949217800000002	0.0294658009	0.102977322
0.0245082036	0.0342649189	0.119698819
0.025082296100000002	0.0274046343	0.144527028
0.025671497	0.0573983036	0.216614154
