q[nm-1]	I(q)[sr-1]_rebin(no_smoothing,TAPBdmpdaStandardLowQ_eiger2_18528_sub.dat_00001_[sub(TAPBdmpdaStandardLowQ_eiger2_18528_ave.h5_00001_[AN_3_30_36_RXN_90C]-TAPBdmpdaStandardLowQ_eiger2_18148_av_ave.h5_00001_[AN_3_30_36_PRM_90C])],1,0.0050)	error
0.00010925045900000001	-236787.25	2404.98633
0.000124358176	-13965.25	1082.24304
0.000139465882	68349.875	672.757568
0.00015457359800000002	67795.7188	386.118408
0.000169681304	44793.8125	250.870087
0.000184789021	36010.3203	182.439102
0.00019989672600000002	31895.6641	143.312775
0.000215004431	27832.6719	116.912216
0.00023011216	25243.2852	98.8936539
0.00024521986500000004	23357.6328	85.6811066
0.00026032757000000003	20629.9961	74.4828491
0.000275435275	18786.1777	66.1722717
0.000290542981	16682.3438	57.0708008
0.000305650709	15082.9277	49.9322281
0.00032075841400000006	13525.8418	43.7830467
0.00033586612	12079.0703	39.4469414
0.00035097382500000004	10956.9756	36.3894234
0.00036608155400000004	10027.3057	33.6419716
0.00038118925900000003	9028.26562	30.9961205
0.00039629698700000004	8047.21484	28.537817
0.00041140466900000007	7379.11865	26.6818314
0.0004265123980000001	6791.51025	24.9775486
0.00044162008	6294.00586	23.5440617
0.000456727808	5727.77295	22.0047455
0.000471835537	5359.18555	20.846426
0.00048694321900000004	4945.31543	19.6782722
0.000502050947	4481.30713	18.4295464
0.000517158676	4192.03418	17.4840431
0.0005322663580000001	3978.72021	16.688776
0.0005473740860000001	3788.43091	15.9886274
0.000562481768	3509.43311	15.1094885
0.000577589497	3261.59351	14.3795118
0.0005926972260000001	3064.27759	13.7411013
0.000607804907	2876.53125	13.0897064
0.000622912636	2706.18848	12.5000334
0.000638020318	2542.08252	11.9425993
0.000653128047	2384.41968	11.4165821
0.000668235775	2240.28003	10.922061
0.000683343457	2102.87402	10.4737654
0.000698451186	1982.42981	10.0394344
0.000713558914	1860.96582	9.59437466
0.000728666596	1772.07776	9.27532387
0.000743774325	1664.21899	8.87926388
0.0007588820070000001	1560.45435	8.50956345
0.0007739897350000001	1473.28052	8.18503571
0.0007890974170000001	1389.32727	7.8602891
0.000804205146	1348.09424	7.6711216
0.000819312874	1270.11621	7.36597776
0.0008344206030000001	1176.82104	7.02630806
0.0008495283310000001	1109.53491	6.76593781
0.0008646359669999999	1064.47632	6.57851648
0.0008797436949999999	1004.49982	6.32428455
0.000894851424	952.567932	6.09996939
0.000909959152	896.329895	5.87322617
0.0009250668809999999	854.430603	5.69681215
0.0009401745160000001	805.170654	5.48143959
0.000955282245	771.302917	5.32947588
0.000970389973	730.769531	5.13877773
0.0009854977020000001	697.233154	4.98038626
0.00100060543	661.11438	4.82120657
0.00101571307	621.782043	4.64061308
0.00103082079	597.795959	4.52612543
0.00104592852	568.437134	4.37494755
0.00106103625	542.965332	4.24215603
0.00107614398	515.217773	4.10008812
0.00109125171	493.361938	3.9871347
0.00110635934	467.833649	3.8696146
0.00112146707	445.850464	3.74843788
0.0011365748	424.914307	3.62914896
0.00115168253	409.688507	3.54287004
0.00116679026	389.032776	3.42896867
0.0011818978900000002	369.08017	3.3192842
0.0011970056200000002	353.277679	3.23655438
0.0012121133500000002	339.278351	3.15523148
0.0012272210800000002	324.545319	3.06375575
0.0012423288100000002	308.860046	2.97507453
0.00125743644	300.817993	2.91972184
0.00127254417	286.704468	2.83414054
0.0012876519	276.171173	2.76532316
0.00130275963	266.477814	2.70438218
0.00131786736	250.380905	2.61392641
0.0013329749900000002	241.904861	2.55883884
0.0013480827200000002	233.290497	2.49862242
0.0013631904500000002	220.862549	2.41371441
0.0013782981800000002	210.650421	2.35256672
0.0013934059100000002	203.164215	2.30113411
0.0014085136400000002	199.262177	2.26287293
0.0014236212700000001	193.79744	2.22072053
0.0014387290000000001	183.479416	2.15576863
0.0014538367300000001	172.520554	2.08584404
0.0014689444600000001	166.228683	2.03520799
0.00148405218	162.863312	2.00508261
0.00149915982	157.424942	1.97138619
0.00151426755	147.595596	1.8947593
0.00152937528	145.156616	1.87783659
0.00154448301	138.631165	1.82552707
0.0015595907300000001	138.442215	1.80920315
0.0015746984600000001	132.437256	1.77497983
0.0015898061900000001	123.529404	1.70970631
0.0016049139200000001	117.073448	1.66065395
0.00162002146	115.466576	1.64332414
0.00163512919	111.00193	1.60511625
0.00165023692	109.41333	1.58815467
0.00166534465	106.114761	1.55597699
0.00168045238	99.1923599	1.50705373
0.00169556011	97.8277283	1.49236631
0.00171066783	95.939209	1.4679935
0.00172577556	93.3166199	1.44848442
0.00174088329	87.4811401	1.39909029
0.00175599102	87.3956299	1.39339864
0.00177109856	83.9665298	1.35896456
0.00178620629	81.3421783	1.33789754
0.00180131402	78.5560608	1.31217194
0.00181642175	77.3939362	1.29630494
0.00183152948	74.8756638	1.27587628
0.0018466372000000002	73.0760956	1.25271559
0.0018617449300000002	70.9685593	1.23511636
0.0018768526600000002	67.7982407	1.21921325
0.0018919603900000002	65.9492722	1.2137816
0.0019070681200000002	63.7845268	1.20391607
0.0019221758500000002	60.2637825	1.1774658
0.00193728339	58.4758377	1.16537702
0.0019674988500000003	56.5461515	0.662346364
0.00201282203	53.0685348	0.644449518
0.00205814522	49.7553673	0.620242006
0.0021034682200000003	46.2021586	0.585074963
0.0021487914000000003	40.9676374	0.548478766
0.0021941145900000003	38.4049683	0.526733184
0.00223943777	36.6140544	0.510494982
0.0022847607700000002	33.5060997	0.487080227
0.0023300839600000002	31.5495237	0.470389607
0.0023754071400000003	29.2767823	0.452484834
0.00242073014	27.800609	0.438662239
0.00246605333	25.5334295	0.422351329
0.00251137652	23.643397	0.408576105
0.0025566997	22.5237172	0.396520815
0.0026020227	21.4476935	0.385848302
0.00266245361	19.8118145	0.288302237
0.0027379920700000004	17.994186	0.275187669
0.00281353071	16.5395428	0.27189922
0.00288906917	15.0375683	0.265536459
0.0029646078100000004	13.7006903	0.258249393
0.0030401462700000003	12.5999617	0.25185523
0.0031156849100000003	11.5812675	0.24555404
0.0031912233700000002	10.615839	0.238940936
0.0032667622000000004	9.8678564	0.233824369
0.00334230065	8.79622383	0.224092654
0.0034178391099999998	8.26678391	0.212420772
0.0034933775700000005	7.61881418	0.203538281
0.0035689164000000002	7.0926302	0.197376323
0.00364445485	6.74382238	0.19199867
0.00371999331	6.15172358	0.186701652
0.0037955317600000004	5.67625122	0.181289416
0.0038710705900000006	5.38354092	0.177436336
0.00396171659	4.96827146	0.146731212
0.00406747088	4.53840433	0.141824342
0.00417322479	4.20226206	0.13792379
0.00427897871	3.67249734	0.132747383
0.004384732620000001	3.22349245	0.128309572
0.00449048653	3.17491078	0.125778279
0.00459624045	2.79824315	0.12154302
0.004701994730000001	2.62789294	0.118737445
0.004807748650000001	2.37801637	0.116091203
0.0049135025600000005	2.19811017	0.11344662
0.0050192564700000004	1.94829265	0.112630768
0.00512501039	1.74253884	0.113096478
0.0052307643	1.60656682	0.112558959
0.00535162613	1.38658763	0.0981420071
0.0054875955	1.35822531	0.0974332498
0.00562356487	1.25677898	0.0942770024
0.00575953424	1.08480272	0.0907273487
0.00589550361	0.988052328	0.0888663096
0.006031472980000001	0.920154321	0.087378969
0.00616744235	0.920523716	0.0856621928
0.006303411720000001	0.835244397	0.0840241916
0.006439381090000001	0.765656908	0.0826102201
0.00659045875	0.700146426	0.0733686194
0.006756643210000001	0.655297854	0.072195287
0.00692282841	0.646797738	0.071293918
0.0070890128600000005	0.641972563	0.0703637437
0.00725519732	0.539208331	0.0692736955
0.00742138252	0.564676762	0.068337488
0.00758756697	0.498445896	0.067141099
0.00775375217	0.518309485	0.0661132726
0.00793504491	0.424249048	0.0596393665
0.0081314452	0.411465484	0.0586566272
0.00832784548	0.37418581	0.0576353258
0.00852424502	0.325517668	0.0567208507
0.00872064531	0.285603379	0.0558760473
0.00891704559	0.260989496	0.0550974794
0.00911344588	0.246555264	0.0544587028
0.00932495371	0.238528613	0.0499665499
0.009551569820000001	0.201352902	0.0491876336
0.00977818519	0.210047698	0.0485285921
0.010004801300000001	0.19121056	0.0478916555
0.0102314167	0.182339807	0.0472641537
0.010458032	0.178990279	0.0466956069
0.0106997557	0.140489105	0.0432303956
0.0109565869	0.143613404	0.0426675936
0.0112134181	0.117964142	0.0429766779
0.0114702493	0.123350822	0.0433758646
0.0117270797	0.0913071334	0.0427392399
0.0119990192	0.099377211	0.0392533009
0.0122860655	0.085240357	0.0384770935
0.0125731125	0.0892790918	0.0378382833
0.0128601581	0.0766322016	0.0372405399
0.013162311900000001	0.0815010695	0.0348887227
0.013479574000000001	0.0721859542	0.035236064
0.013796836100000001	0.0703022984	0.0362333953
0.0141140983	0.0652492416	0.0371904892
0.014446468700000001	0.0561919834	0.036150153
0.0147939458	0.0683006236	0.0364577794
0.015141423000000001	0.0645207368	0.0368127845
0.0154889002	0.061519707	0.0371274441
0.0158514857	0.0639249456	0.0358897357
0.016229178	0.0562348467	0.0360803861
0.016606870300000003	0.0664065993	0.0362614166
0.0169845641	0.0547857523	0.0363844967
0.0173773646	0.0447244964	0.0351135209
0.017785272	0.0362521462	0.0363119879
0.0181931809	0.0305750061	0.0377247293
0.0186161965	0.043153648	0.0374988739
0.0190543205	0.0342228187	0.0386855621
0.019492442900000004	0.0276972045	0.0410302246
0.0199456751	0.0181813553	0.0440749364
0.0204140142	0.0276790944	0.0482096461
0.020882353200000002	0.0376594925	0.0525162737
0.021365799	0.0266941962	0.0555566255
0.0218643546	0.0357751099	0.062382853
0.022362908700000003	0.0228217699	0.0698348484
0.022876571100000003	0.0164028319	0.0763044585
0.0234053403	0.013086849	0.0887373695
0.023949217800000002	0.0385269077	0.102449297
0.0245082036	0.0194341979	0.118964923
0.025082296100000002	-0.0209463268	0.14340707
0.025671497	0.0263233359	0.215015105
