q[nm-1]	I(q)[sr-1]_rebin(no_smoothing,TAPBdmpdaStandardLowQ_eiger2_18446_sub.dat_00001_[sub(TAPBdmpdaStandardLowQ_eiger2_18446_ave.h5_00001_[AN_3_30_36_RXN_90C]-TAPBdmpdaStandardLowQ_eiger2_18148_av_ave.h5_00001_[AN_3_30_36_PRM_90C])],1,0.0050)	error
0.00010925045900000001	216335.0	2697.53345
0.000124358176	-44519.5	1089.85339
0.000139465882	-21493.9375	645.120056
0.00015457359800000002	14382.2812	363.267365
0.000169681304	31906.6562	247.195129
0.000184789021	29045.125	180.272049
0.00019989672600000002	26024.7734	140.399307
0.000215004431	24961.0039	116.103607
0.00023011216	22678.4648	97.9784317
0.00024521986500000004	20786.082	84.4864273
0.00026032757000000003	18587.2852	73.4054718
0.000275435275	16718.2656	64.7934265
0.000290542981	14457.6143	55.2048264
0.000305650709	13467.8633	48.7103195
0.00032075841400000006	12228.5469	42.8309975
0.00033586612	11063.3262	38.746151
0.00035097382500000004	9719.83984	35.2539444
0.00036608155400000004	8775.31152	32.4300156
0.00038118925900000003	8036.24854	30.0580292
0.00039629698700000004	7367.91602	28.0123253
0.00041140466900000007	6758.47607	26.1321297
0.0004265123980000001	6287.66553	24.5787201
0.00044162008	5772.7793	23.0385895
0.000456727808	5294.91064	21.6375618
0.000471835537	4913.76465	20.3871098
0.00048694321900000004	4628.79395	19.4108372
0.000502050947	4279.12939	18.3428574
0.000517158676	3951.26367	17.3079681
0.0005322663580000001	3664.82666	16.3546677
0.0005473740860000001	3490.81519	15.6530571
0.000562481768	3271.53516	14.8594074
0.000577589497	3049.73364	14.1457729
0.0005926972260000001	2881.0874	13.5629139
0.000607804907	2652.26367	12.7981873
0.000622912636	2512.93652	12.2615156
0.000638020318	2397.32642	11.7760077
0.000653128047	2257.39355	11.2908926
0.000668235775	2110.47437	10.7849331
0.000683343457	1995.04919	10.3628054
0.000698451186	1860.88196	9.87495613
0.000713558914	1760.55945	9.49760246
0.000728666596	1662.73523	9.13323689
0.000743774325	1567.33081	8.7636404
0.0007588820070000001	1488.49219	8.45066929
0.0007739897350000001	1408.77722	8.1226902
0.0007890974170000001	1336.54395	7.83658695
0.000804205146	1247.11316	7.48758507
0.000819312874	1185.97253	7.22719812
0.0008344206030000001	1124.91479	6.96974087
0.0008495283310000001	1066.79858	6.74729204
0.0008646359669999999	993.93042	6.4507618
0.0008797436949999999	951.934021	6.2597332
0.000894851424	909.048401	6.0577507
0.000909959152	867.543762	5.86783457
0.0009250668809999999	811.138916	5.63037443
0.0009401745160000001	768.950806	5.44175911
0.000955282245	732.677185	5.27466154
0.000970389973	695.428589	5.09155178
0.0009854977020000001	667.742432	4.94746399
0.00100060543	630.875	4.78441763
0.00101571307	600.947144	4.63467836
0.00103082079	572.326721	4.48746586
0.00104592852	540.572815	4.3313179
0.00106103625	525.158325	4.24088717
0.00107614398	492.879181	4.06791687
0.00109125171	463.829651	3.92737627
0.00110635934	446.189178	3.83551669
0.00112146707	428.607422	3.73065543
0.0011365748	409.546387	3.62040257
0.00115168253	390.793884	3.51006365
0.00116679026	376.35437	3.4233861
0.0011818978900000002	362.799133	3.34550142
0.0011970056200000002	342.141724	3.23340201
0.0012121133500000002	324.397217	3.13682652
0.0012272210800000002	310.763824	3.05028939
0.0012423288100000002	301.239014	2.98504663
0.00125743644	288.785828	2.90553164
0.00127254417	276.026123	2.82871079
0.0012876519	261.218384	2.73206258
0.00130275963	253.791992	2.68168235
0.00131786736	244.772995	2.62434173
0.0013329749900000002	234.313766	2.5535419
0.0013480827200000002	223.821045	2.48477983
0.0013631904500000002	215.076569	2.42558956
0.0013782981800000002	207.081131	2.3672514
0.0013934059100000002	199.574951	2.30593228
0.0014085136400000002	194.408844	2.2711432
0.0014236212700000001	179.746964	2.17125559
0.0014387290000000001	175.033493	2.13761902
0.0014538367300000001	168.799042	2.09537578
0.0014689444600000001	160.787537	2.03828692
0.00148405218	152.260056	1.97600842
0.00149915982	150.454086	1.95949948
0.00151426755	146.40741	1.91772997
0.00152937528	138.332306	1.86053324
0.00154448301	135.868713	1.84105909
0.0015595907300000001	132.73819	1.80372536
0.0015746984600000001	125.893562	1.76079988
0.0015898061900000001	118.191696	1.69748533
0.0016049139200000001	116.953255	1.68176889
0.00162002146	112.604759	1.6475873
0.00163512919	105.124863	1.59483492
0.00165023692	102.777008	1.56917858
0.00166534465	101.214203	1.54691541
0.00168045238	97.6261063	1.51983392
0.00169556011	95.1153259	1.49822319
0.00171066783	91.5559235	1.46005857
0.00172577556	89.7706223	1.43590164
0.00174088329	88.2529449	1.42654276
0.00175599102	83.6249008	1.38347602
0.00177109856	83.7657471	1.38047802
0.00178620629	79.9856567	1.3418926
0.00180131402	77.3936157	1.3193326
0.00181642175	75.7110596	1.30341744
0.00183152948	72.6904297	1.27326119
0.0018466372000000002	71.2477112	1.26038909
0.0018617449300000002	68.6222916	1.23939312
0.0018768526600000002	64.6632309	1.21192193
0.0018919603900000002	63.2115707	1.21254015
0.0019070681200000002	61.0816536	1.19788063
0.0019221758500000002	61.0974159	1.20376396
0.00193728339	58.6721954	1.18342662
0.0019674988500000003	56.3471896	0.671548905
0.00201282203	50.4031448	0.641443768
0.00205814522	47.1022225	0.615614194
0.0021034682200000003	44.9542948	0.587172142
0.0021487914000000003	40.8890317	0.556300246
0.0021941145900000003	36.9430109	0.526711771
0.00223943777	35.6678657	0.512048402
0.0022847607700000002	32.4742763	0.49011885
0.0023300839600000002	30.2740809	0.470570785
0.0023754071400000003	28.3000838	0.454775843
0.00242073014	26.6846727	0.439940176
0.00246605333	25.1206258	0.425869574
0.00251137652	23.7221883	0.415060324
0.0025566997	21.8303242	0.398479207
0.0026020227	21.3526942	0.391304939
0.00266245361	19.0453545	0.289139337
0.0027379920700000004	17.2303562	0.275762112
0.00281353071	15.9054495	0.27317441
0.00288906917	14.6486324	0.26796215
0.0029646078100000004	13.1340407	0.259947978
0.0030401462700000003	12.3419491	0.254334667
0.0031156849100000003	11.4734898	0.248707097
0.0031912233700000002	10.4047302	0.241632435
0.0032667622000000004	9.62297401	0.236567149
0.00334230065	9.14499321	0.229631234
0.0034178391099999998	8.03306189	0.215300511
0.0034933775700000005	7.52033453	0.206693162
0.0035689164000000002	7.14984913	0.201155566
0.00364445485	6.75236483	0.195364746
0.00371999331	6.149998	0.189985973
0.0037955317600000004	5.63070049	0.184318441
0.0038710705900000006	5.43789739	0.180811133
0.00396171659	5.20661429	0.150207243
0.00406747088	4.69457115	0.145088073
0.00417322479	4.22679165	0.140383476
0.00427897871	3.87063142	0.135997152
0.004384732620000001	3.7692459	0.132905916
0.00449048653	3.16100608	0.12794829
0.00459624045	2.92386365	0.124423749
0.004701994730000001	2.60934724	0.120896694
0.004807748650000001	2.32965064	0.118064347
0.0049135025600000005	2.21437836	0.115792915
0.0050192564700000004	2.03638732	0.115207609
0.00512501039	1.88600245	0.115959079
0.0052307643	1.68472251	0.115179292
0.00535162613	1.51333935	0.100740895
0.0054875955	1.33312171	0.0992912382
0.00562356487	1.33106248	0.0964748932
0.00575953424	1.15288081	0.0928620856
0.00589550361	1.05700437	0.0909309183
0.006031472980000001	0.987819361	0.0894253827
0.00616744235	0.943013159	0.087522632
0.006303411720000001	0.836986594	0.0858417409
0.006439381090000001	0.803309321	0.0843852755
0.00659045875	0.713383577	0.0749976683
0.006756643210000001	0.716878815	0.073911204
0.00692282841	0.725588425	0.073005481
0.0070890128600000005	0.694490584	0.0719896547
0.00725519732	0.574430981	0.070839555
0.00742138252	0.564553738	0.0698056429
0.00758756697	0.588018878	0.0687931433
0.00775375217	0.51891354	0.0675424788
0.00793504491	0.42874035	0.0609174859
0.0081314452	0.352139317	0.0597588988
0.00832784548	0.368852281	0.0588742856
0.00852424502	0.347370249	0.0580153519
0.00872064531	0.312755124	0.0571674058
0.00891704559	0.308288661	0.0564073961
0.00911344588	0.316275001	0.0558045608
0.00932495371	0.286305169	0.0511678493
0.009551569820000001	0.208637246	0.0502742867
0.00977818519	0.247617612	0.0496868916
0.010004801300000001	0.202957463	0.0489521331
0.0102314167	0.175890968	0.0482960829
0.010458032	0.188293499	0.0477462739
0.0106997557	0.154355682	0.0442088465
0.0109565869	0.159886964	0.0436330105
0.0112134181	0.123308276	0.0439465985
0.0114702493	0.125412184	0.0443274446
0.0117270797	0.123020389	0.043747697
0.0119990192	0.115858174	0.0401498845
0.0122860655	0.0985715899	0.0393512789
0.0125731125	0.100767296	0.0386954484
0.0128601581	0.100442148	0.0381055486
0.013162311900000001	0.108682615	0.0357061461
0.013479574000000001	0.0889648015	0.036047341
0.013796836100000001	0.0881646468	0.0370607353
0.0141140983	0.0749334558	0.0380352003
0.014446468700000001	0.0742035353	0.0369762277
0.0147939458	0.0817570673	0.0372910908
0.015141423000000001	0.0726155568	0.0376427388
0.0154889002	0.0840284656	0.0379896038
0.0158514857	0.0780443311	0.0367075911
0.016229178	0.06217453	0.036891832
0.016606870300000003	0.0799306422	0.0370880983
0.0169845641	0.0516951615	0.037187852
0.0173773646	0.0647358243	0.0359252683
0.017785272	0.0620091792	0.037170079
0.0181931809	0.0500853222	0.0385961311
0.0186161965	0.0514848903	0.0383496085
0.0190543205	0.0468300989	0.0395744207
0.019492442900000004	0.0516817051	0.0419902848
0.0199456751	0.032233817	0.0450863065
0.0204140142	0.040450517	0.0493235942
0.020882353200000002	0.0344146111	0.053684325
0.021365799	0.04775257	0.0568557196
0.0218643546	0.0258825977	0.0637425613
0.022362908700000003	0.0362891353	0.071451892
0.022876571100000003	0.0282097232	0.0780493158
0.0234053403	0.015529681	0.0907308639
0.023949217800000002	0.0232973448	0.104645825
0.0245082036	0.0411371968	0.121749815
0.025082296100000002	0.000445003758	0.14671506
0.025671497	0.018787321	0.2196788
