q[nm-1]	I(q)[sr-1]_rebin(no_smoothing,TAPBdmpdaStandardLowQ_eiger2_18268_sub.dat_00001_[sub(TAPBdmpdaStandardLowQ_eiger2_18268_ave.h5_00001_[AN_3_30_36_RXN_90C]-TAPBdmpdaStandardLowQ_eiger2_18148_av_ave.h5_00001_[AN_3_30_36_PRM_90C])],1,0.0050)	error
0.00010925045900000001	269688.0	2734.54736
0.000124358176	-11147.875	1124.94873
0.000139465882	-131323.125	603.913879
0.00015457359800000002	-20576.9375	349.282562
0.000169681304	-2591.45312	223.982346
0.000184789021	2297.70312	159.453293
0.00019989672600000002	4448.59766	121.42765
0.000215004431	5006.30469	96.5223007
0.00023011216	5179.95312	79.453743
0.00024521986500000004	4915.43555	66.2180786
0.00026032757000000003	4996.99707	56.9913788
0.000275435275	4986.98242	49.8940201
0.000290542981	4570.62695	42.6759453
0.000305650709	4368.17529	36.9536285
0.00032075841400000006	4195.69141	32.4744225
0.00033586612	4008.77588	29.3574467
0.00035097382500000004	3910.552	27.2908726
0.00036608155400000004	3779.96436	25.3201237
0.00038118925900000003	3628.4917	23.5736561
0.00039629698700000004	3416.62915	21.9936943
0.00041140466900000007	3185.57568	20.4919319
0.0004265123980000001	3105.75293	19.4826851
0.00044162008	2998.37061	18.5133133
0.000456727808	2852.79346	17.5277271
0.000471835537	2738.41431	16.6756783
0.00048694321900000004	2613.35767	15.9154072
0.000502050947	2486.58447	15.1785059
0.000517158676	2373.83057	14.4543276
0.0005322663580000001	2244.37012	13.7253189
0.0005473740860000001	2138.64771	13.090662
0.000562481768	2040.62634	12.4973574
0.000577589497	1938.77002	11.9724789
0.0005926972260000001	1874.36987	11.5593424
0.000607804907	1790.22705	11.0638113
0.000622912636	1689.29211	10.5650845
0.000638020318	1626.97314	10.1830425
0.000653128047	1552.47363	9.79342079
0.000668235775	1473.96582	9.3998394
0.000683343457	1420.38708	9.10078144
0.000698451186	1338.24573	8.71254063
0.000713558914	1281.44019	8.41093636
0.000728666596	1210.64404	8.08764839
0.000743774325	1157.15796	7.803442
0.0007588820070000001	1109.25232	7.54820347
0.0007739897350000001	1053.46423	7.27287149
0.0007890974170000001	1002.31091	7.0207653
0.000804205146	943.821533	6.73788548
0.000819312874	906.23938	6.52885437
0.0008344206030000001	866.69281	6.32142878
0.0008495283310000001	822.273315	6.10231304
0.0008646359669999999	770.662964	5.85701323
0.0008797436949999999	750.334717	5.72330284
0.000894851424	712.893127	5.51790571
0.000909959152	682.825317	5.35403919
0.0009250668809999999	658.483948	5.21600676
0.0009401745160000001	607.027161	4.96479464
0.000955282245	597.135681	4.9000802
0.000970389973	564.817383	4.71043634
0.0009854977020000001	533.490723	4.55187321
0.00100060543	503.639435	4.40325832
0.00101571307	480.784241	4.26185131
0.00103082079	461.073425	4.14550209
0.00104592852	441.68689	4.02351236
0.00106103625	421.805908	3.90062165
0.00107614398	400.168304	3.7663238
0.00109125171	387.838562	3.6841898
0.00110635934	370.552399	3.58401537
0.00112146707	347.184448	3.44425988
0.0011365748	336.623169	3.37047124
0.00115168253	318.53598	3.25807238
0.00116679026	308.686462	3.19043183
0.0011818978900000002	294.799561	3.09722233
0.0011970056200000002	279.072876	2.99903369
0.0012121133500000002	268.456146	2.92453527
0.0012272210800000002	255.001526	2.84054804
0.0012423288100000002	240.152237	2.74527526
0.00125743644	234.614105	2.69655299
0.00127254417	223.801254	2.61203814
0.0012876519	214.30751	2.54908252
0.00130275963	200.105759	2.4538722
0.00131786736	194.959732	2.41514802
0.0013329749900000002	187.501144	2.35521317
0.0013480827200000002	179.956635	2.29523635
0.0013631904500000002	175.899323	2.2509582
0.0013782981800000002	166.383926	2.18098927
0.0013934059100000002	162.571381	2.15608716
0.0014085136400000002	152.649979	2.07793427
0.0014236212700000001	146.609116	2.0264523
0.0014387290000000001	143.1064	1.99283755
0.0014538367300000001	137.857803	1.95056903
0.0014689444600000001	131.697495	1.89824903
0.00148405218	126.962936	1.86080623
0.00149915982	120.558716	1.81161296
0.00151426755	119.047684	1.78957188
0.00152937528	112.978966	1.73513484
0.00154448301	107.908409	1.6966691
0.0015595907300000001	103.763802	1.65468836
0.0015746984600000001	98.7622223	1.62208951
0.0015898061900000001	97.3336487	1.59707737
0.0016049139200000001	96.2409363	1.57290816
0.00162002146	93.7642517	1.55567789
0.00163512919	86.3608017	1.49459338
0.00165023692	82.6337891	1.45658123
0.00166534465	80.6876068	1.43574047
0.00168045238	78.652832	1.41330147
0.00169556011	78.1206512	1.40182173
0.00171066783	73.9574738	1.36013818
0.00172577556	72.8101044	1.3496145
0.00174088329	69.7207413	1.32062566
0.00175599102	64.4510498	1.26373005
0.00177109856	65.8518066	1.27810669
0.00178620629	63.4205894	1.2505306
0.00180131402	59.3594627	1.21092463
0.00181642175	58.8893013	1.20415199
0.00183152948	57.0519638	1.18037915
0.0018466372000000002	56.0540924	1.16214633
0.0018617449300000002	54.4773483	1.14904428
0.0018768526600000002	51.6039085	1.13047385
0.0018919603900000002	51.6972504	1.1410023
0.0019070681200000002	49.676651	1.12750793
0.0019221758500000002	47.9429169	1.11230814
0.00193728339	48.029335	1.11821628
0.0019674988500000003	46.2752062	0.6328508
0.00201282203	40.0266507	0.599906152
0.00205814522	37.0539665	0.574644411
0.0021034682200000003	35.8661944	0.551055874
0.0021487914000000003	33.2300708	0.52517646
0.0021941145900000003	30.870395	0.503079673
0.00223943777	29.1483211	0.48595768
0.0022847607700000002	26.5697594	0.466455545
0.0023300839600000002	24.4144688	0.446787427
0.0023754071400000003	23.3667361	0.433448546
0.00242073014	22.3748665	0.422374928
0.00246605333	20.5017802	0.407652116
0.00251137652	19.0383002	0.394797244
0.0025566997	18.517018	0.384772317
0.0026020227	17.2474868	0.373670024
0.00266245361	16.1495863	0.280631837
0.0027379920700000004	14.9395754	0.269508652
0.00281353071	13.4411127	0.265590823
0.00288906917	11.9514097	0.258769024
0.0029646078100000004	11.2718159	0.254054133
0.0030401462700000003	10.87083	0.251052905
0.0031156849100000003	9.61376591	0.242497975
0.0031912233700000002	9.24354973	0.238918549
0.0032667622000000004	7.98640909	0.231285597
0.00334230065	7.45782785	0.223810574
0.0034178391099999998	7.2965064	0.214211387
0.0034933775700000005	6.740516	0.205645347
0.0035689164000000002	6.40052204	0.200305014
0.00364445485	5.70649157	0.193058151
0.00371999331	5.45556841	0.188988203
0.0037955317600000004	5.08120823	0.184312401
0.0038710705900000006	4.70141926	0.180270916
0.00396171659	4.38721064	0.148749474
0.00406747088	4.11361796	0.144704705
0.00417322479	3.73460732	0.140478361
0.00427897871	3.432621	0.136285811
0.004384732620000001	3.15718559	0.132320295
0.00449048653	2.77974527	0.12824229
0.00459624045	2.55389176	0.124645773
0.004701994730000001	2.37452204	0.121888952
0.004807748650000001	2.17531816	0.11913518
0.0049135025600000005	2.13327323	0.117237489
0.0050192564700000004	1.90043642	0.116463474
0.00512501039	1.80057725	0.117505937
0.0052307643	1.64247184	0.116810356
0.00535162613	1.50053542	0.102274009
0.0054875955	1.40882981	0.101189845
0.00562356487	1.10717153	0.097205505
0.00575953424	1.10669108	0.0941343355
0.00589550361	1.11371411	0.0926629266
0.006031472980000001	0.898748371	0.0904920521
0.00616744235	0.882935981	0.0887230909
0.006303411720000001	0.870014542	0.0873815678
0.006439381090000001	0.70460501	0.0854821494
0.00659045875	0.700390003	0.0762218493
0.006756643210000001	0.574542522	0.0747099205
0.00692282841	0.588535997	0.0738041105
0.0070890128600000005	0.591375644	0.0728636667
0.00725519732	0.4896234	0.0717599516
0.00742138252	0.48426575	0.0706898249
0.00758756697	0.443301867	0.0695376074
0.00775375217	0.38367531	0.068237305
0.00793504491	0.350561417	0.0617233093
0.0081314452	0.325849313	0.0606860796
0.00832784548	0.353229614	0.0598161068
0.00852424502	0.252428578	0.0587216484
0.00872064531	0.255940362	0.057981339
0.00891704559	0.248925007	0.0572062452
0.00911344588	0.246919838	0.0565551251
0.00932495371	0.19005489	0.0518189456
0.009551569820000001	0.159667397	0.0510329595
0.00977818519	0.165212633	0.0503405436
0.010004801300000001	0.162301431	0.0496953507
0.0102314167	0.134282827	0.0490224532
0.010458032	0.132928729	0.0484423805
0.0106997557	0.112780087	0.0448786665
0.0109565869	0.0920924676	0.0442432851
0.0112134181	0.101132134	0.0446531017
0.0114702493	0.103120862	0.0450488368
0.0117270797	0.114060523	0.0444786568
0.0119990192	0.0904778924	0.0407902823
0.0122860655	0.0853691501	0.0399983612
0.0125731125	0.0677179584	0.0392958789
0.0128601581	0.0686359077	0.0386996786
0.013162311900000001	0.06742841	0.0362533703
0.013479574000000001	0.057284832	0.0366073335
0.013796836100000001	0.0665986254	0.0376657997
0.0141140983	0.0706894958	0.0386807145
0.014446468700000001	0.0527540471	0.0375795884
0.0147939458	0.0592514724	0.0378914741
0.015141423000000001	0.0482008768	0.0382488354
0.0154889002	0.0446139282	0.0385725794
0.0158514857	0.0473696691	0.0372839445
0.016229178	0.0544501734	0.0375145443
0.016606870300000003	0.0496817923	0.0376762006
0.0169845641	0.0403180301	0.0378070603
0.0173773646	0.0536925793	0.0365262003
0.017785272	0.0347197867	0.0377610955
0.0181931809	0.0322951432	0.0392308063
0.0186161965	0.0295108459	0.0389694768
0.0190543205	0.0386366395	0.0402372588
0.019492442900000004	0.048433653	0.0427115878
0.0199456751	0.0342793933	0.0458743271
0.0204140142	0.0313484106	0.0501567149
0.020882353200000002	0.0269941526	0.0545892609
0.021365799	0.0193275853	0.0577585764
0.0218643546	0.0254531303	0.0648529704
0.022362908700000003	0.0108830517	0.0725918047
0.022876571100000003	0.0209662575	0.0793648682
0.0234053403	0.00577484316	0.0922416732
0.023949217800000002	0.0147957773	0.106433618
0.0245082036	0.0429538525	0.123867374
0.025082296100000002	0.0102622947	0.149343632
0.025671497	0.0154814919	0.223623263
