q[nm-1]	I(q)[sr-1]_rebin(no_smoothing,TAPBdmpdaStandardLowQ_eiger2_18227_sub.dat_00001_[sub(TAPBdmpdaStandardLowQ_eiger2_18227_ave.h5_00001_[AN_3_30_36_RXN_90C]-TAPBdmpdaStandardLowQ_eiger2_18148_av_ave.h5_00001_[AN_3_30_36_PRM_90C])],1,0.0050)	error
0.00010925045900000001	265737.75	2732.65894
0.000124358176	7131.5	1132.60876
0.000139465882	-122943.25	607.213684
0.00015457359800000002	-13151.0625	353.996735
0.000169681304	-1358.85938	224.644348
0.000184789021	2134.6875	159.346298
0.00019989672600000002	3699.95312	120.780952
0.000215004431	3835.62891	95.2113495
0.00023011216	4117.77734	78.0669937
0.00024521986500000004	3966.79297	64.9586868
0.00026032757000000003	3819.7959	55.2999611
0.000275435275	3568.45703	47.6609955
0.000290542981	3311.73633	40.7319412
0.000305650709	3216.76709	35.0593071
0.00032075841400000006	3126.73242	30.7140388
0.00033586612	3114.75781	27.9176826
0.00035097382500000004	3079.65796	25.898056
0.00036608155400000004	3017.63281	23.994278
0.00038118925900000003	2935.11377	22.3007393
0.00039629698700000004	2808.02563	20.8280544
0.00041140466900000007	2763.7124	19.7025852
0.0004265123980000001	2749.33496	18.7854633
0.00044162008	2637.70264	17.7768192
0.000456727808	2585.65601	17.0159512
0.000471835537	2529.74219	16.2386703
0.00048694321900000004	2483.0874	15.6249943
0.000502050947	2383.95605	14.9380589
0.000517158676	2346.93408	14.4111538
0.0005322663580000001	2279.43115	13.8120022
0.0005473740860000001	2213.08765	13.2520905
0.000562481768	2144.03223	12.7145395
0.000577589497	2074.73486	12.2852335
0.0005926972260000001	2015.73706	11.8775301
0.000607804907	1964.30225	11.4716644
0.000622912636	1903.57849	11.0764227
0.000638020318	1844.38135	10.6889095
0.000653128047	1791.44775	10.3684587
0.000668235775	1714.36621	9.98475838
0.000683343457	1654.80347	9.67096233
0.000698451186	1591.69165	9.36106873
0.000713558914	1545.44324	9.08193302
0.000728666596	1495.57666	8.81169415
0.000743774325	1435.22534	8.51689911
0.0007588820070000001	1391.42371	8.2928648
0.0007739897350000001	1350.78674	8.06369019
0.0007890974170000001	1303.22864	7.81896448
0.000804205146	1256.99939	7.59684896
0.000819312874	1203.01453	7.34729338
0.0008344206030000001	1144.04346	7.09487391
0.0008495283310000001	1106.95483	6.91517639
0.0008646359669999999	1069.43079	6.73647547
0.0008797436949999999	1007.31757	6.4713521
0.000894851424	968.962585	6.28377056
0.000909959152	947.252197	6.15720272
0.0009250668809999999	910.091614	5.9762435
0.0009401745160000001	857.147827	5.75064611
0.000955282245	819.333435	5.58585835
0.000970389973	791.363586	5.43774366
0.0009854977020000001	762.726746	5.29572344
0.00100060543	722.968994	5.12362003
0.00101571307	689.725037	4.96920538
0.00103082079	662.823425	4.82581854
0.00104592852	654.115601	4.76048422
0.00106103625	627.884033	4.61472464
0.00107614398	595.143433	4.45480776
0.00109125171	568.849487	4.32714128
0.00110635934	543.154419	4.20798206
0.00112146707	517.48645	4.08474159
0.0011365748	487.219788	3.93320632
0.00115168253	470.533813	3.84129834
0.00116679026	456.565369	3.75707126
0.0011818978900000002	434.229523	3.64374137
0.0011970056200000002	417.904816	3.56070709
0.0012121133500000002	395.308167	3.4423542
0.0012272210800000002	379.819183	3.35616875
0.0012423288100000002	364.44281	3.26116586
0.00125743644	355.529266	3.20415258
0.00127254417	341.199036	3.12331557
0.0012876519	324.348114	3.02828217
0.00130275963	311.077209	2.94770575
0.00131786736	294.634155	2.85741639
0.0013329749900000002	285.892944	2.80344224
0.0013480827200000002	276.659882	2.739712
0.0013631904500000002	266.895996	2.68407393
0.0013782981800000002	250.807373	2.58760142
0.0013934059100000002	243.405548	2.53757405
0.0014085136400000002	236.084335	2.48811483
0.0014236212700000001	219.644196	2.39027214
0.0014387290000000001	212.443466	2.34050179
0.0014538367300000001	210.733612	2.32026696
0.0014689444600000001	199.71431	2.24364352
0.00148405218	190.49855	2.18763518
0.00149915982	186.394028	2.16215038
0.00151426755	180.522476	2.11134243
0.00152937528	173.957764	2.07183385
0.00154448301	161.203705	1.98567498
0.0015595907300000001	157.375153	1.95380664
0.0015746984600000001	152.265121	1.92298734
0.0015898061900000001	147.225998	1.87630069
0.0016049139200000001	144.021332	1.84835136
0.00162002146	138.23822	1.8040055
0.00163512919	132.418396	1.76502979
0.00165023692	126.363907	1.71903157
0.00166534465	121.718674	1.68128788
0.00168045238	118.159889	1.65929663
0.00169556011	114.400604	1.62534118
0.00171066783	112.395508	1.60476196
0.00172577556	108.684372	1.56902385
0.00174088329	105.43055	1.54093027
0.00175599102	101.758156	1.51234472
0.00177109856	98.3223267	1.48571193
0.00178620629	95.2236938	1.4538672
0.00180131402	94.1547699	1.43753481
0.00181642175	92.1999664	1.42192769
0.00183152948	84.4158325	1.35888898
0.0018466372000000002	84.183075	1.35326481
0.0018617449300000002	80.9988098	1.32757318
0.0018768526600000002	79.1275787	1.3227762
0.0018919603900000002	78.2092361	1.32928681
0.0019070681200000002	73.7445831	1.30176389
0.0019221758500000002	70.6176605	1.2787801
0.00193728339	70.3847885	1.27967954
0.0019674988500000003	66.6370519	0.720345262
0.00201282203	61.675443	0.697227855
0.00205814522	56.11579	0.664264536
0.0021034682200000003	53.3400637	0.630258067
0.0021487914000000003	49.7638016	0.602033408
0.0021941145900000003	44.4221916	0.566954341
0.00223943777	42.3704682	0.549555176
0.0022847607700000002	38.0876579	0.522098949
0.0023300839600000002	36.1763764	0.504696068
0.0023754071400000003	35.0041555	0.491226765
0.00242073014	31.8501523	0.469992121
0.00246605333	30.0819868	0.457026122
0.00251137652	27.8601392	0.439496233
0.0025566997	26.1148097	0.424536001
0.0026020227	24.8584067	0.413567344
0.00266245361	22.562035	0.306857619
0.0027379920700000004	20.8657093	0.294165641
0.00281353071	19.0115856	0.290145925
0.00288906917	17.6155994	0.283933894
0.0029646078100000004	16.3650688	0.278015853
0.0030401462700000003	14.7535425	0.26892071
0.0031156849100000003	13.3044293	0.260232906
0.0031912233700000002	13.1377167	0.258162785
0.0032667622000000004	11.7510742	0.249667124
0.00334230065	11.0465807	0.241814189
0.0034178391099999998	10.2595272	0.228740018
0.0034933775700000005	9.58696137	0.219163085
0.0035689164000000002	9.01282234	0.212612599
0.00364445485	8.09376144	0.204325833
0.00371999331	7.85921812	0.200565943
0.0037955317600000004	7.55468216	0.19595872
0.0038710705900000006	6.97361679	0.190899134
0.00396171659	6.59832716	0.157745122
0.00406747088	5.84426805	0.151845983
0.00417322479	5.35754075	0.146988403
0.00427897871	4.8522187	0.141931413
0.004384732620000001	4.73185199	0.138777698
0.00449048653	4.28506695	0.134367581
0.00459624045	3.94951688	0.130556922
0.004701994730000001	3.72524973	0.127371934
0.004807748650000001	3.41750796	0.124255156
0.0049135025600000005	3.09473801	0.121118156
0.0050192564700000004	2.95782576	0.12096797
0.00512501039	2.66052971	0.121132051
0.0052307643	2.51878367	0.120531952
0.00535162613	2.28876824	0.105331031
0.0054875955	2.02216279	0.103509144
0.00562356487	1.90564129	0.100141446
0.00575953424	1.74114177	0.0965084921
0.00589550361	1.63168032	0.0945248621
0.006031472980000001	1.43031328	0.0923893308
0.00616744235	1.35950477	0.0904429849
0.006303411720000001	1.37610458	0.0891294799
0.006439381090000001	1.19247986	0.0871632583
0.00659045875	1.09441485	0.0773780864
0.006756643210000001	1.01162564	0.0760502348
0.00692282841	0.945656765	0.0748911945
0.0070890128600000005	0.796505126	0.0735020141
0.00725519732	0.739881944	0.0724925126
0.00742138252	0.721305609	0.0713881462
0.00758756697	0.642032715	0.0700681392
0.00775375217	0.642507857	0.0690032329
0.00793504491	0.598791677	0.0623883648
0.0081314452	0.511592819	0.0611817124
0.00832784548	0.484329467	0.0601559479
0.00852424502	0.417206434	0.0591677348
0.00872064531	0.410301247	0.0583881854
0.00891704559	0.397704482	0.0575979364
0.00911344588	0.336096645	0.0568188312
0.00932495371	0.31194069	0.0520951511
0.009551569820000001	0.261309294	0.0512582325
0.00977818519	0.267631525	0.0505748234
0.010004801300000001	0.225095316	0.0498546029
0.0102314167	0.217907236	0.0492152949
0.010458032	0.218845483	0.0486327786
0.0106997557	0.184913258	0.0450328858
0.0109565869	0.156497437	0.0443754764
0.0112134181	0.165183389	0.0447900165
0.0114702493	0.123756779	0.0450975716
0.0117270797	0.146556507	0.0445612356
0.0119990192	0.143203283	0.040900295
0.0122860655	0.102842663	0.0400436641
0.0125731125	0.107440976	0.0393748811
0.0128601581	0.08895516	0.0387422139
0.013162311900000001	0.101469053	0.0363175171
0.013479574000000001	0.0896393337	0.0366707317
0.013796836100000001	0.0872493813	0.0377129587
0.0141140983	0.0721869682	0.0386891314
0.014446468700000001	0.0743115525	0.0376248566
0.0147939458	0.0677528258	0.0379167472
0.015141423000000001	0.0587143283	0.0382718015
0.0154889002	0.0680892131	0.0386212377
0.0158514857	0.0578642529	0.0373092954
0.016229178	0.0492825276	0.0375130593
0.016606870300000003	0.0632614935	0.0377097318
0.0169845641	0.0578079033	0.0378426275
0.0173773646	0.0485950242	0.0365254672
0.017785272	0.0494317951	0.0377928889
0.0181931809	0.0376900228	0.0392509833
0.0186161965	0.0328359445	0.0389889579
0.0190543205	0.0420512097	0.0402534755
0.019492442900000004	0.0523595484	0.0427253139
0.0199456751	0.0283952911	0.0458689557
0.0204140142	0.0325879506	0.0501699693
0.020882353200000002	0.0326825582	0.054618326
0.021365799	0.0262566735	0.0577862255
0.0218643546	0.0473716411	0.0649289601
0.022362908700000003	0.00372027335	0.0725840428
0.022876571100000003	0.0216899206	0.0793884578
0.0234053403	0.0152555656	0.0923209031
0.023949217800000002	0.0191379611	0.106455343
0.0245082036	0.0300047411	0.12380174
0.025082296100000002	0.00982683059	0.149390059
0.025671497	-0.00599584512	0.223337828
