q[nm-1]	I(q)[sr-1]_rebin(no_smoothing,TAPBacetic38ACNphcn90C_eiger2_12283_sub.dat_00001_[sub(TAPBacetic38ACNphcn90C_eiger2_12283_ave.h5_00001_[AN_3_30_29_RXN_90C]-TAPBacetic38ACNphcn90C_eiger2_11907_av_ave.h5_00001_[AN_3_30_29_PRM_90C])],1,0.0050)	error
0.000212067761	149367.344	260.646606
0.000227109576	128014.016	159.039856
0.00024215136700000002	115644.227	126.843521
0.000257193157	106935.656	108.687737
0.000272234972	99625.1016	96.0287247
0.00028727676300000003	92116.2266	85.8962097
0.000302318553	85641.3359	78.0710907
0.00031736036800000003	79259.6406	71.2507629
0.00033240215900000005	73425.2266	65.2219009
0.000347443949	67933.8594	60.2779312
0.00036248576400000005	62889.0703	55.8702049
0.00037752755500000006	58029.7148	51.7534027
0.000392569369	53100.2227	47.8998566
0.00040761116	48541.3125	44.253849
0.000422652951	44458.2109	41.2056923
0.00043769474100000005	40734.8984	38.4666557
0.000452736579	37001.0312	35.7433243
0.00046777837000000006	33589.2695	33.2958145
0.000482820161	30523.8203	30.9584312
0.000497861952	27573.9805	28.8042583
0.0005129037420000001	24879.1074	26.7926064
0.0005279455330000001	22469.2852	24.9206409
0.000542987371	20207.4688	23.1969681
0.000558029162	18033.832	21.4848442
0.0005730709530000001	16062.9395	19.9632092
0.0005881127440000001	14324.4727	18.5392647
0.000603154534	12733.6553	17.1788082
0.000618196372	11317.8916	15.8507576
0.000633238163	10017.6797	14.297864
0.000648279954	8858.07129	13.0496387
0.0006633217450000001	7814.67334	12.0410776
0.000678363536	6854.42676	11.144783
0.000693405326	5997.86719	10.3180876
0.0007084471640000001	5220.23682	9.52091885
0.0007234889550000001	4535.09863	8.7854023
0.000738530746	3955.84692	8.11521053
0.0007535725370000001	3430.6936	7.48688602
0.000768614328	2965.98755	6.90952873
0.0007836561650000001	2561.90991	6.36866856
0.000798697956	2221.7312	5.89396715
0.000813739747	1914.51758	5.43048954
0.0008287815380000001	1672.79492	5.03970861
0.000843823329	1457.21851	4.68249989
0.0008588651200000001	1266.67261	4.34292078
0.0008739069100000001	1119.93262	4.06337261
0.0008889487010000001	999.778381	3.81423306
0.0009039905850000001	906.028809	3.60944271
0.0009190323760000001	837.325134	3.45316815
0.000934074167	777.755188	3.30120039
0.000949115958	736.259644	3.18810463
0.0009641577490000001	709.324463	3.10233474
0.00097919954	689.356934	3.02926326
0.000994241331	683.21991	2.98977113
0.0010092831199999999	686.157471	2.96353459
0.0010243249100000001	685.777283	2.93497491
0.0010393667000000001	690.583374	2.91808319
0.0010544084900000002	696.519653	2.89638448
0.00106945038	713.963989	2.9036901
0.00108449217	730.465271	2.90906143
0.00109953396	733.308838	2.88648081
0.00111457575	748.114624	2.89116168
0.00112961754	751.377563	2.86979079
0.0011446593300000001	755.293457	2.85412407
0.0011597011200000001	759.723938	2.83970118
0.0011747429100000002	760.362488	2.82043934
0.00118978471	754.651367	2.78240585
0.0012048265000000002	755.521423	2.77110553
0.0012198682900000002	740.169556	2.71875525
0.00123491017	729.579651	2.68286657
0.00124995196	711.531677	2.63248086
0.00126499375	692.968445	2.57822585
0.0012800355400000001	673.882019	2.52833104
0.00129507734	650.22876	2.46842384
0.0013101191300000001	622.751404	2.40126181
0.0013251609200000002	591.938904	2.33098245
0.0013402027100000002	559.996643	2.2545836
0.0013552445	527.162781	2.18108058
0.00137028629	497.959198	2.11004257
0.00138532808	463.486237	2.02112103
0.0014003699600000001	433.722198	1.95155525
0.00141541176	402.142029	1.87283301
0.0014304535500000001	372.409912	1.79539788
0.0014454953400000001	342.028961	1.71557331
0.00146053713	312.374786	1.63790035
0.00147557892	286.290924	1.56406915
0.0014906207100000002	264.163391	1.49876201
0.0015056625000000002	238.6745	1.4254173
0.00152070429	215.02832	1.35274374
0.00153574608	194.728271	1.28614426
0.00155078787	175.73851	1.22403121
0.00156582966	157.415649	1.16076863
0.00158087146	142.614014	1.10635018
0.00159591325	130.02919	1.05846071
0.00161095504	117.920975	1.00939858
0.0016259968300000001	109.397606	0.974258542
0.0016410386200000002	102.203003	0.939713418
0.0016560806	93.0365295	0.899866462
0.0016711223899999999	87.2047119	0.873202503
0.0016861641800000001	83.3940353	0.851642549
0.00170120597	79.6099091	0.829829872
0.0017162477600000002	78.4563522	0.821747422
0.0017312895500000002	77.6259308	0.813754737
0.00174633134	75.0663147	0.796995819
0.0017613731300000002	73.7553711	0.784818411
0.00177641492	73.5224228	0.781125784
0.00179145671	73.0599823	0.773625731
0.00180649851	73.6125793	0.771394312
0.0018215403000000003	73.1115265	0.765536785
0.00183658209	72.1829224	0.754441619
0.0018516238800000001	73.800499	0.759131312
0.00186666567	73.1281967	0.752653539
0.0018817074600000002	72.9804764	0.753992438
0.00189674925	71.6491699	0.75387007
0.0019117910400000002	71.736412	0.759013355
0.00192683283	70.9826126	0.755377471
0.00195691641	67.5425695	0.427405121
0.00200204197	61.439312	0.409759712
0.00204716735	53.9533285	0.386615335
0.00209229272	46.6283074	0.352815826
0.0021374180900000004	38.9826101	0.322227023
0.00218254346	31.6698316	0.292818274
0.00222766884	26.6119944	0.270929795
0.00227279421	22.9081071	0.253512558
0.0023179197700000003	20.0833708	0.238064776
0.00236304514	19.2814045	0.230318825
0.00240817051	19.4495881	0.227350391
0.00245329589	19.7889175	0.224132416
0.00249842126	20.2801463	0.222085931
0.0025435466300000003	21.193601	0.221797887
0.002588672	21.5876312	0.219061453
0.00264883935	21.4029362	0.166203506
0.0027240483100000002	19.9592018	0.158760703
0.00279925726	17.8966702	0.153767784
0.00287446622	16.2909647	0.14917658
0.0029496751700000003	14.5671251	0.143369991
0.00302488431	14.024555	0.140419555
0.00310009327	14.0863035	0.13922552
0.0031753022200000005	14.0557726	0.13750957
0.0032505113600000005	13.8102915	0.135198157
0.00332572013	13.4804289	0.132346113
0.0034009292700000002	12.0969351	0.121940238
0.0034761384100000002	10.681851	0.113427469
0.0035513471800000004	8.82029495	0.104893476
0.0036265563200000004	7.23579807	0.0970719804
0.0037017650899999997	6.09843473	0.0912525537
0.00377697423	5.24311237	0.0864180977
0.00385218337	4.57296953	0.0821366265
0.00394243412	4.22196879	0.0670353892
0.0040477264700000005	3.84582537	0.0641874055
0.00415301919	3.35365466	0.0611043203
0.00425831191	3.07341974	0.0585654022
0.00436360426	2.95863046	0.0570618228
0.00446889699	2.84203839	0.0553181492
0.00457418971	3.03977231	0.0548806388
0.00467948206	3.02047634	0.0536998781
0.004784774780000001	2.78436627	0.0518169086
0.0048900675	2.59801166	0.0502863868
0.0049953598500000005	2.36158514	0.0491964603
0.00510065258	2.07504565	0.0488112095
0.0052059453000000006	1.9604021	0.0482577252
0.00532627963	1.82360105	0.0419738816
0.00546165593	1.63767567	0.0408890603
0.005597031860000001	1.36128818	0.0390237052
0.005732408170000001	1.07253044	0.03654415
0.005867784470000001	1.03683964	0.0355317268
0.006003160400000001	0.947764463	0.0346224111
0.00613853671	0.882131219	0.0337713409
0.0062739126400000005	0.876758165	0.0331377586
0.0064092889400000005	0.890041351	0.0326095088
0.00655970722	0.935890653	0.029082768
0.006725166740000001	0.967200403	0.0285979257
0.006890627000000001	0.993264622	0.0281755353
0.00705608651	0.945242199	0.0275842861
0.0072215460200000005	0.914417251	0.0270445362
0.00738700628	0.940811043	0.0267267024
0.0075524658	0.853126309	0.0260904248
0.00771792531	0.817481664	0.0256356251
0.007898427550000002	0.714748937	0.022997918
0.008093971010000001	0.667769198	0.0225410554
0.00828951374	0.620748043	0.0221196521
0.0084850572	0.560329795	0.0216388459
0.00868060067	0.541883409	0.0212682322
0.00887614414	0.517580631	0.0208991376
0.00907168761	0.46619037	0.0205070779
0.009282273050000001	0.444745018	0.0187925264
0.00950789973	0.414696221	0.0184429593
0.00973352715	0.380004231	0.0181123628
0.009959153830000001	0.362830736	0.0178314245
0.0101847805	0.330683305	0.0175614149
0.010410407900000002	0.320622611	0.0173314311
0.010651076600000002	0.285538195	0.0159905538
0.0109067872	0.262896981	0.0157041792
0.0111624978	0.250624607	0.0157335445
0.0114182085	0.237215794	0.0158912304
0.011673919100000001	0.223800478	0.015734382
0.011944671	0.217233387	0.0144264514
0.0122304656	0.200261417	0.0141292057
0.012516260100000003	0.199629184	0.0139092804
0.012802054	0.209024621	0.0137102585
0.0131028906	0.187050503	0.0127995173
0.013418768300000002	0.163980442	0.0128004135
0.013734646100000001	0.162855174	0.0130798763
0.0140505239	0.155060634	0.013445969
0.014381443	0.153518451	0.0130595726
0.0147274047	0.155869796	0.0131976119
0.015073365	0.156692265	0.013297809
0.0154193267	0.164490529	0.0134235944
0.0157803297	0.165111806	0.012973249
0.016156375400000002	0.156716282	0.0130342518
0.0165324196	0.162082072	0.0131189372
0.0169084653	0.143865119	0.0131451536
0.017299552300000003	0.133718715	0.0126805359
0.017705680400000003	0.123782628	0.0129860298
0.0181118086	0.11910288	0.0135384016
0.0185329795	0.11511108	0.0134848115
0.0189691916	0.10773862	0.0138846904
0.019405403700000004	0.100625323	0.0144803524
0.0198566571	0.0995154486	0.015613857
0.0203229532	0.0854294365	0.0170558432
0.020789249200000002	0.0756918569	0.0185806786
0.021270586600000002	0.0744050156	0.0195824122
0.021766966600000003	0.070100011	0.021870489
0.0222633451	0.0645883102	0.024575967
0.0227747664	0.0606825334	0.0267392169
0.0233012304	0.0613641881	0.0308606643
0.0238427341	0.0560534124	0.0356850687
0.024399280500000002	0.0409732611	0.0412478309
0.024970869700000002	0.0487081013	0.049002853
0.025557500100000005	0.0403216403	0.0687701171
