q[nm-1]	I(q)[sr-1]_rebin(no_smoothing,TAPBacetic38ACNphcn90C_eiger2_11965_sub.dat_00001_[sub(TAPBacetic38ACNphcn90C_eiger2_11965_ave.h5_00001_[AN_3_30_29_RXN_90C]-TAPBacetic38ACNphcn90C_eiger2_11907_av_ave.h5_00001_[AN_3_30_29_PRM_90C])],1,0.0050)	error
0.000212067761	86435.4062	209.793442
0.000227109576	91444.8672	138.727448
0.00024215136700000002	88618.7734	113.328964
0.000257193157	84362.875	98.2472992
0.000272234972	79680.7344	87.261116
0.00028727676300000003	75528.9844	79.0711594
0.000302318553	71310.4453	72.3223953
0.00031736036800000003	67147.5703	66.5714645
0.00033240215900000005	63088.2031	61.3215523
0.000347443949	59129.5078	57.0367546
0.00036248576400000005	55247.6289	53.0999794
0.00037752755500000006	51592.3281	49.4649429
0.000392569369	48144.2344	46.2481804
0.00040761116	44798.7695	43.0859337
0.000422652951	41763.2305	40.4814835
0.00043769474100000005	38771.5938	38.016037
0.000452736579	35927.8867	35.6728706
0.00046777837000000006	33269.6992	33.5506134
0.000482820161	30886.2695	31.5421829
0.000497861952	28518.8145	29.6634808
0.0005129037420000001	26298.3164	27.8751812
0.0005279455330000001	24185.2402	26.1583767
0.000542987371	22253.416	24.6239395
0.000558029162	20476.7676	23.1612225
0.0005730709530000001	18733.8047	21.8007507
0.0005881127440000001	17157.6875	20.5056515
0.000603154534	15706.0283	19.2799435
0.000618196372	14339.7051	18.0115948
0.000633238163	13139.9824	16.531374
0.000648279954	11996.9951	15.3219357
0.0006633217450000001	10923.2109	14.3468599
0.000678363536	9933.12891	13.5150404
0.000693405326	9008.99707	12.7318144
0.0007084471640000001	8167.41211	11.9708881
0.0007234889550000001	7412.34473	11.2779875
0.000738530746	6718.78564	10.6075115
0.0007535725370000001	6053.9043	9.956707
0.000768614328	5461.56445	9.3713007
0.0007836561650000001	4911.31885	8.79573631
0.000798697956	4421.75391	8.2737608
0.000813739747	3961.25879	7.76047611
0.0008287815380000001	3545.64502	7.27556324
0.000843823329	3170.65771	6.82680511
0.0008588651200000001	2835.47632	6.40132761
0.0008739069100000001	2527.76099	5.99892569
0.0008889487010000001	2249.93237	5.62034798
0.0009039905850000001	1990.2019	5.25041008
0.0009190323760000001	1767.79382	4.91792059
0.000934074167	1559.4718	4.58520317
0.000949115958	1374.64917	4.2886982
0.0009641577490000001	1204.11609	3.98493099
0.00097919954	1063.24573	3.73037887
0.000994241331	933.514343	3.48173523
0.0010092831199999999	811.065063	3.23276019
0.0010243249100000001	711.915344	3.02366877
0.0010393667000000001	622.970825	2.81962442
0.0010544084900000002	537.391052	2.61848068
0.00106945038	468.175049	2.44207549
0.00108449217	408.445312	2.27861238
0.00109953396	356.928986	2.13530207
0.00111457575	313.307587	2.00114393
0.00112961754	272.732513	1.86932647
0.0011446593300000001	241.320999	1.76536381
0.0011597011200000001	212.030014	1.65780652
0.0011747429100000002	193.031464	1.5888015
0.00118978471	174.963669	1.51111877
0.0012048265000000002	157.313858	1.43584549
0.0012198682900000002	144.238663	1.37780285
0.00123491017	134.600586	1.33148313
0.00124995196	128.760101	1.29586601
0.00126499375	122.146957	1.25596869
0.0012800355400000001	116.17807	1.22030711
0.00129507734	114.006081	1.20184839
0.0013101191300000001	109.500992	1.16983998
0.0013251609200000002	108.091789	1.15713179
0.0013402027100000002	104.968719	1.12935376
0.0013552445	105.293533	1.12495196
0.00137028629	105.19133	1.11134732
0.00138532808	106.154846	1.10659766
0.0014003699600000001	102.733299	1.08270597
0.00141541176	100.652794	1.06485164
0.0014304535500000001	99.1223221	1.04916501
0.0014454953400000001	96.735672	1.03040552
0.00146053713	95.8836441	1.02048004
0.00147557892	92.0733032	0.995181501
0.0014906207100000002	89.5020752	0.975171745
0.0015056625000000002	86.6673889	0.957010567
0.00152070429	84.7788086	0.943109334
0.00153574608	81.6824036	0.922584891
0.00155078787	78.4464645	0.903152227
0.00156582966	74.2645645	0.879739642
0.00158087146	69.1070557	0.849395275
0.00159591325	63.8874016	0.818131804
0.00161095504	61.5462723	0.803618371
0.0016259968300000001	57.5424347	0.776807189
0.0016410386200000002	55.2710457	0.761311293
0.0016560806	50.667984	0.733657062
0.0016711223899999999	47.527565	0.713135362
0.0016861641800000001	44.0743637	0.691603959
0.00170120597	39.3761215	0.660776556
0.0017162477600000002	37.4781113	0.647377551
0.0017312895500000002	34.5073051	0.621814013
0.00174633134	33.7070274	0.617216885
0.0017613731300000002	31.0816193	0.596488476
0.00177641492	29.3434181	0.582800806
0.00179145671	28.3482761	0.57255882
0.00180649851	27.5271111	0.562261224
0.0018215403000000003	25.6603088	0.54610312
0.00183658209	24.5610104	0.536254585
0.0018516238800000001	24.444603	0.531650662
0.00186666567	23.9140224	0.524782717
0.0018817074600000002	23.9864616	0.528046608
0.00189674925	23.1521568	0.525544584
0.0019117910400000002	23.5276489	0.528668344
0.00192683283	23.7228546	0.528066874
0.00195691641	24.3372625	0.305707668
0.00200204197	26.577322	0.310526834
0.00204716735	27.891627	0.311084513
0.00209229272	29.4038086	0.304696149
0.0021374180900000004	30.9367104	0.301648502
0.00218254346	30.3985259	0.292274155
0.00222766884	29.9239171	0.28546785
0.00227279421	29.1694787	0.277400051
0.0023179197700000003	27.4373525	0.266132834
0.00236304514	25.4934158	0.255361384
0.00240817051	22.7425258	0.241678088
0.00245329589	20.7878755	0.230752541
0.00249842126	19.5604878	0.22291335
0.0025435466300000003	17.9957562	0.213149385
0.002588672	16.7413979	0.204988561
0.00264883935	15.6685299	0.152637291
0.0027240483100000002	15.2904854	0.147786214
0.00279925726	15.4438242	0.148895618
0.00287446622	15.4652983	0.148781682
0.0029496751700000003	15.6269407	0.148568142
0.00302488431	15.0315142	0.145607897
0.00310009327	14.1488668	0.141246522
0.0031753022200000005	12.8941717	0.135704234
0.0032505113600000005	11.3603735	0.129275783
0.00332572013	9.77382545	0.121820252
0.0034009292700000002	8.69937115	0.1121857
0.0034761384100000002	7.8620697	0.105646871
0.0035513471800000004	7.07301245	0.100295146
0.0036265563200000004	6.5570528	0.0961987963
0.0037017650899999997	6.2021594	0.0929479758
0.00377697423	5.96824684	0.0904548498
0.00385218337	5.52933912	0.0870878623
0.00394243412	5.0129934	0.070777697
0.0040477264700000005	4.28804159	0.0665883886
0.00415301919	3.59588984	0.0629337692
0.00425831191	2.97336493	0.0592897228
0.00436360426	2.3469993	0.0559173458
0.00446889699	2.18907224	0.0539501654
0.00457418971	1.8733068	0.0517319809
0.00467948206	1.69742479	0.0499218107
0.004784774780000001	1.45991293	0.0480175319
0.0048900675	1.31573265	0.0466926394
0.0049953598500000005	1.24710221	0.0460373389
0.00510065258	1.13169597	0.0461347289
0.0052059453000000006	1.06547657	0.0457854959
0.00532627963	1.02787644	0.040002437
0.00546165593	1.05572986	0.039647902
0.005597031860000001	0.955317948	0.038316774
0.005732408170000001	0.939518227	0.0368287407
0.005867784470000001	0.900968618	0.0357710971
0.006003160400000001	0.886287756	0.0350431492
0.00613853671	0.863521199	0.0343969877
0.0062739126400000005	0.879248407	0.0338380421
0.0064092889400000005	0.876881825	0.0332293259
0.00655970722	0.867994558	0.0294592722
0.006725166740000001	0.837290081	0.0288260295
0.006890627000000001	0.869557868	0.0283919699
0.00705608651	0.851558783	0.0278639403
0.0072215460200000005	0.85212157	0.0274543967
0.00738700628	0.781250298	0.0268145077
0.0075524658	0.742101561	0.0262991757
0.00771792531	0.679368268	0.0257645824
0.007898427550000002	0.631689796	0.0232634425
0.008093971010000001	0.567039292	0.0227597214
0.00828951374	0.529366709	0.0223591378
0.0084850572	0.492872694	0.0219270499
0.00868060067	0.458202241	0.0215264908
0.00887614414	0.423176133	0.0211162899
0.00907168761	0.39331336	0.0207629341
0.009282273050000001	0.373282967	0.0190282919
0.00950789973	0.344811302	0.0186924388
0.00973352715	0.317740838	0.0183727897
0.009959153830000001	0.314123473	0.0181258285
0.0101847805	0.297633825	0.017874504
0.010410407900000002	0.26398887	0.0175942368
0.010651076600000002	0.244456572	0.0162573202
0.0109067872	0.22801058	0.0159860967
0.0111624978	0.21909185	0.0160188892
0.0114182085	0.191955288	0.0161473164
0.011673919100000001	0.186844973	0.0160094363
0.011944671	0.182476746	0.01468243
0.0122304656	0.171387525	0.0143881387
0.012516260100000003	0.169377074	0.0141664406
0.012802054	0.183146377	0.0139692097
0.0131028906	0.164412351	0.0130461144
0.013418768300000002	0.141983982	0.0130528688
0.013734646100000001	0.14258195	0.0133399522
0.0140505239	0.132574387	0.0137093058
0.014381443	0.130257038	0.0133142348
0.0147274047	0.141861225	0.0134700836
0.015073365	0.139512289	0.0135670671
0.0154193267	0.143602057	0.0136874833
0.0157803297	0.152936514	0.0132414227
0.016156375400000002	0.146861319	0.0133128897
0.0165324196	0.144413604	0.0133825332
0.0169084653	0.128005601	0.0134143014
0.017299552300000003	0.1171173	0.0129370622
0.017705680400000003	0.108284735	0.0132541655
0.0181118086	0.104846003	0.0138202093
0.0185329795	0.100785411	0.0137651066
0.0189691916	0.10077574	0.0141869725
0.019405403700000004	0.0999752915	0.0148051751
0.0198566571	0.0876401666	0.015943158
0.0203229532	0.0799379575	0.0174332068
0.020789249200000002	0.0688003577	0.0189816302
0.021270586600000002	0.0740914304	0.0200292045
0.021766966600000003	0.065496156	0.0223540332
0.0222633451	0.0468274057	0.0250777896
0.0227747664	0.0490989488	0.0273062729
0.0233012304	0.0532627699	0.0315367436
0.0238427341	0.0484278827	0.036461664
0.024399280500000002	0.038843235	0.0421824709
0.024970869700000002	0.0317383462	0.0499759096
0.025557500100000005	0.0251007981	0.0701981125
