q[nm-1]	I(q)[sr-1]_rebin(no_smoothing,TAPBacetic38ACNphcn90C_eiger2_12113_sub.dat_00001_[sub(TAPBacetic38ACNphcn90C_eiger2_12113_ave.h5_00001_[AN_3_30_29_RXN_90C]-TAPBacetic38ACNphcn90C_eiger2_11907_av_ave.h5_00001_[AN_3_30_29_PRM_90C])],1,0.0050)	error
0.000212067761	154050.969	262.736359
0.000227109576	138906.203	164.920364
0.00024215136700000002	126756.633	132.000931
0.000257193157	119021.734	113.948502
0.000272234972	111082.289	100.707542
0.00028727676300000003	104667.023	91.072464
0.000302318553	98231.875	83.1612473
0.00031736036800000003	91145.7031	76.0115204
0.00033240215900000005	84854.8125	69.7109451
0.000347443949	78938.1875	64.6191635
0.00036248576400000005	73264.0312	59.9765816
0.00037752755500000006	67914.1875	55.6836433
0.000392569369	62685.3867	51.7681847
0.00040761116	57711.832	47.996727
0.000422652951	53218.7852	44.8256264
0.00043769474100000005	49223.75	42.0410042
0.000452736579	45212.1836	39.2846947
0.00046777837000000006	41313.0586	36.7167702
0.000482820161	37676.7422	34.2058067
0.000497861952	34363.1016	31.9818954
0.0005129037420000001	31279.4141	29.8509789
0.0005279455330000001	28426.2227	27.8471661
0.000542987371	25809.5391	26.0552807
0.000558029162	23407.2539	24.3258896
0.0005730709530000001	21143.916	22.7494869
0.0005881127440000001	19075.5137	21.2428741
0.000603154534	17167.3965	19.8105106
0.000618196372	15324.6934	18.298645
0.000633238163	13788.5557	16.6503525
0.000648279954	12387.3105	15.3110714
0.0006633217450000001	11022.6084	14.1714916
0.000678363536	9810.875	13.2172184
0.000693405326	8707.56152	12.3196564
0.0007084471640000001	7702.45312	11.446826
0.0007234889550000001	6798.7915	10.6332731
0.000738530746	6016.58984	9.89036751
0.0007535725370000001	5249.9834	9.14412594
0.000768614328	4571.56934	8.4548378
0.0007836561650000001	4009.87671	7.8446722
0.000798697956	3492.59302	7.26633024
0.000813739747	3019.11255	6.70183945
0.0008287815380000001	2608.40161	6.18358803
0.000843823329	2241.77539	5.69596767
0.0008588651200000001	1935.5155	5.25418329
0.0008739069100000001	1660.03137	4.8431201
0.0008889487010000001	1416.03857	4.45432377
0.0009039905850000001	1205.40295	4.08953857
0.0009190323760000001	1030.54016	3.76786256
0.000934074167	884.654541	3.48327732
0.000949115958	747.13324	3.19645357
0.0009641577490000001	632.22699	2.93695951
0.00097919954	546.953003	2.73321724
0.000994241331	469.942017	2.53281116
0.0010092831199999999	408.760498	2.36545157
0.0010243249100000001	360.06134	2.22107482
0.0010393667000000001	323.298737	2.10493374
0.0010544084900000002	294.5578	2.00352502
0.00106945038	276.371094	1.93417728
0.00108449217	255.324615	1.85002792
0.00109953396	244.358551	1.80230498
0.00111457575	239.844177	1.76818609
0.00112961754	236.193481	1.73913193
0.0011446593300000001	231.6371	1.70828331
0.0011597011200000001	233.072098	1.69170153
0.0011747429100000002	240.903137	1.70211065
0.00118978471	237.241974	1.66960049
0.0012048265000000002	238.92485	1.66214979
0.0012198682900000002	244.511475	1.66546214
0.00123491017	243.346512	1.64614105
0.00124995196	242.69104	1.62817574
0.00126499375	242.389984	1.61098957
0.0012800355400000001	241.773331	1.59599972
0.00129507734	237.04071	1.56865895
0.0013101191300000001	233.448181	1.545964
0.0013251609200000002	228.545837	1.52231991
0.0013402027100000002	220.347488	1.48087847
0.0013552445	216.281006	1.46341693
0.00137028629	206.056885	1.42052543
0.00138532808	197.465637	1.38593006
0.0014003699600000001	186.750366	1.34294188
0.00141541176	179.36145	1.3124944
0.0014304535500000001	167.61554	1.26496017
0.0014454953400000001	156.687119	1.22123909
0.00146053713	145.4534	1.17658055
0.00147557892	135.727966	1.13807034
0.0014906207100000002	124.817993	1.0882231
0.0015056625000000002	116.977936	1.05568743
0.00152070429	109.628815	1.02119315
0.00153574608	101.247681	0.982317924
0.00155078787	93.0133972	0.945614874
0.00156582966	87.2671967	0.917510033
0.00158087146	82.2554474	0.889225185
0.00159591325	77.7148132	0.863201618
0.00161095504	73.2595901	0.84013468
0.0016259968300000001	68.6285706	0.812883258
0.0016410386200000002	66.3509827	0.79500401
0.0016560806	65.3517303	0.786916375
0.0016711223899999999	64.4183044	0.777276874
0.0016861641800000001	62.6403122	0.764242887
0.00170120597	63.1780014	0.761739016
0.0017162477600000002	63.445755	0.756189525
0.0017312895500000002	64.3957214	0.752770245
0.00174633134	67.2786026	0.762841344
0.0017613731300000002	68.6203384	0.762584329
0.00177641492	71.7539902	0.773294747
0.00179145671	72.9984741	0.770662963
0.00180649851	75.5615845	0.774820805
0.0018215403000000003	78.0836334	0.780191898
0.00183658209	78.2639236	0.776528597
0.0018516238800000001	80.3992615	0.781720102
0.00186666567	82.0345154	0.783664584
0.0018817074600000002	81.9268341	0.784839094
0.00189674925	83.4432678	0.799039781
0.0019117910400000002	83.8336487	0.801536262
0.00192683283	85.700737	0.809091508
0.00195691641	86.4248734	0.469569084
0.00200204197	84.0094071	0.462809409
0.00204716735	79.162061	0.44816249
0.00209229272	72.7165375	0.417948541
0.0021374180900000004	64.2762184	0.387552392
0.00218254346	56.7721456	0.361497922
0.00222766884	49.6161639	0.336847996
0.00227279421	43.6214943	0.315144812
0.0023179197700000003	38.9197133	0.296107274
0.00236304514	33.5446243	0.275840863
0.00240817051	31.1933734	0.264227835
0.00245329589	29.1080589	0.253707163
0.00249842126	27.9630941	0.246300333
0.0025435466300000003	27.3896129	0.240511527
0.002588672	27.483202	0.23701799
0.00264883935	27.1313175	0.179550908
0.0027240483100000002	25.3687889	0.171572727
0.00279925726	23.856728	0.168907205
0.00287446622	20.6140045	0.160526781
0.0029496751700000003	17.2442842	0.150497608
0.00302488431	13.8272967	0.13928162
0.00310009327	11.2756767	0.129475765
0.0031753022200000005	9.3708866	0.121476298
0.0032505113600000005	8.6326498	0.1175699
0.00332572013	7.96548729	0.113118848
0.0034009292700000002	7.60542431	0.106208153
0.0034761384100000002	7.20771532	0.101249865
0.0035513471800000004	6.44509344	0.096090992
0.0036265563200000004	5.75546761	0.0913756101
0.0037017650899999997	5.0005063	0.0866946275
0.00377697423	4.36537876	0.0825913148
0.00385218337	4.12804995	0.0799104731
0.00394243412	3.81009878	0.0653649202
0.0040477264700000005	3.73111653	0.063499418
0.00415301919	3.68949659	0.0618978414
0.00425831191	3.63083979	0.0602225167
0.00436360426	3.35157568	0.0581256816
0.00446889699	3.20160903	0.0562714526
0.00457418971	3.00209856	0.0545029877
0.00467948206	2.79811743	0.0527291472
0.004784774780000001	2.74847902	0.0514236458
0.0048900675	2.60855092	0.0500974483
0.0049953598500000005	2.33892035	0.0487955907
0.00510065258	2.12127631	0.0487195806
0.0052059453000000006	1.84511159	0.0476365018
0.00532627963	1.6848524	0.0413113724
0.00546165593	1.52405367	0.0402432995
0.005597031860000001	1.34854902	0.038754483
0.005732408170000001	1.20676496	0.0367830078
0.005867784470000001	1.07372649	0.0354789495
0.006003160400000001	0.979715977	0.0344728228
0.00613853671	0.912328548	0.0336761538
0.0062739126400000005	0.898734516	0.0330017684
0.0064092889400000005	0.859253645	0.0323218721
0.00655970722	0.858876413	0.0286848943
0.006725166740000001	0.894220981	0.0282285751
0.006890627000000001	0.937956344	0.0278448622
0.00705608651	0.914063486	0.0273163633
0.0072215460200000005	0.990565479	0.027091615
0.00738700628	1.00885263	0.0267480819
0.0075524658	0.949532877	0.0261915751
0.00771792531	0.871041125	0.0256024642
0.007898427550000002	0.822117319	0.0231169663
0.008093971010000001	0.749270379	0.0225979783
0.00828951374	0.670986487	0.0221072386
0.0084850572	0.60237614	0.0215993654
0.00868060067	0.543521223	0.0211343161
0.00887614414	0.502431014	0.0207193584
0.00907168761	0.487996432	0.0204198688
0.009282273050000001	0.454074675	0.0186712217
0.00950789973	0.394348077	0.0182778227
0.00973352715	0.38903411	0.0180153677
0.009959153830000001	0.365712935	0.0177237148
0.0101847805	0.340284173	0.0174659125
0.010410407900000002	0.324743499	0.0172235208
0.010651076600000002	0.292773662	0.0158959606
0.0109067872	0.274714936	0.0156240231
0.0111624978	0.261790347	0.0156491245
0.0114182085	0.246378248	0.0157970734
0.011673919100000001	0.24181523	0.0156642515
0.011944671	0.217263188	0.0143255969
0.0122304656	0.209785165	0.0140438142
0.012516260100000003	0.201633594	0.0138148829
0.012802054	0.218403535	0.0136334654
0.0131028906	0.186520965	0.0127090695
0.013418768300000002	0.172242056	0.012726638
0.013734646100000001	0.173892577	0.0130091589
0.0140505239	0.168204457	0.0133756404
0.014381443	0.160475568	0.0129820714
0.0147274047	0.165063012	0.013123207
0.015073365	0.170983751	0.0132341771
0.0154193267	0.179315238	0.013357148
0.0157803297	0.181211652	0.0129094111
0.016156375400000002	0.178925799	0.0129801836
0.0165324196	0.166886606	0.0130365569
0.0169084653	0.156949838	0.0130763592
0.017299552300000003	0.135882561	0.0125948099
0.017705680400000003	0.132454911	0.0129113785
0.0181118086	0.128237497	0.0134613884
0.0185329795	0.120869721	0.0134004205
0.0189691916	0.120124348	0.0138111211
0.019405403700000004	0.108206152	0.0143908818
0.0198566571	0.104524	0.0155109119
0.0203229532	0.0909685915	0.016948596
0.020789249200000002	0.0892285289	0.0184811976
0.021270586600000002	0.0776147911	0.0194552166
0.021766966600000003	0.0741555982	0.0217251605
0.0222633451	0.0646286031	0.0244010819
0.0227747664	0.0623436972	0.0265523353
0.0233012304	0.0578394609	0.0306300417
0.0238427341	0.0555278568	0.0354228863
0.024399280500000002	0.0633597225	0.0410793188
0.024970869700000002	0.0511662402	0.0486415068
0.025557500100000005	0.0346202545	0.0681549714
