q[nm-1]	I(q)[sr-1]_rebin(no_smoothing,TAPBacetic38ACNphcn90C_eiger2_12393_sub.dat_00001_[sub(TAPBacetic38ACNphcn90C_eiger2_12393_ave.h5_00001_[AN_3_30_29_RXN_90C]-TAPBacetic38ACNphcn90C_eiger2_11907_av_ave.h5_00001_[AN_3_30_29_PRM_90C])],1,0.0050)	error
0.000212067761	153458.719	264.471497
0.000227109576	133062.953	162.69249
0.00024215136700000002	119619.32	129.329895
0.000257193157	110869.062	110.880959
0.000272234972	103717.758	98.1571198
0.00028727676300000003	96300.6016	88.0452042
0.000302318553	89101.6797	79.7860641
0.00031736036800000003	82163.5781	72.6971893
0.00033240215900000005	76111.8906	66.5316162
0.000347443949	70447.7188	61.5290604
0.00036248576400000005	64624.1992	56.7833061
0.00037752755500000006	59674.9883	52.6040726
0.000392569369	55033.9648	48.87677
0.00040761116	50458.1953	45.2471428
0.000422652951	45962.5195	41.9992332
0.00043769474100000005	41977.2227	39.1509399
0.000452736579	38251.9297	36.4324303
0.00046777837000000006	34667.5	33.9053421
0.000482820161	31382.8457	31.4680195
0.000497861952	28413.1562	29.3137436
0.0005129037420000001	25640.9688	27.266428
0.0005279455330000001	23073.2109	25.3141804
0.000542987371	20660.3945	23.5180416
0.000558029162	18493.0391	21.8183727
0.0005730709530000001	16567.2402	20.33741
0.0005881127440000001	14760.2734	18.8630409
0.000603154534	13135.5674	17.4904385
0.000618196372	11631.876	16.1103077
0.000633238163	10333.9795	14.5633736
0.000648279954	9158.66992	13.2965174
0.0006633217450000001	8088.14209	12.2742224
0.000678363536	7128.08545	11.3919935
0.000693405326	6258.35596	10.5688944
0.0007084471640000001	5459.86279	9.75803947
0.0007234889550000001	4777.36523	9.03111458
0.000738530746	4194.01074	8.37090969
0.0007535725370000001	3646.48999	7.72741699
0.000768614328	3186.34888	7.16712189
0.0007836561650000001	2787.15332	6.64513111
0.000798697956	2445.12476	6.17791176
0.000813739747	2148.72485	5.74954748
0.0008287815380000001	1888.56689	5.34823704
0.000843823329	1674.72083	5.00759268
0.0008588651200000001	1492.32166	4.68914795
0.0008739069100000001	1347.28284	4.42863083
0.0008889487010000001	1229.54541	4.19761419
0.0009039905850000001	1137.07031	4.01351261
0.0009190323760000001	1056.12646	3.83825421
0.000934074167	995.990173	3.69125628
0.000949115958	955.155212	3.59263206
0.0009641577490000001	916.934326	3.48486423
0.00097919954	892.825806	3.408216
0.000994241331	883.672363	3.36333919
0.0010092831199999999	874.57373	3.31393957
0.0010243249100000001	868.20697	3.27570748
0.0010393667000000001	864.531616	3.23518085
0.0010544084900000002	871.387268	3.21805072
0.00106945038	878.541992	3.20214581
0.00108449217	878.389404	3.16942573
0.00109953396	882.387695	3.15524054
0.00111457575	879.849487	3.12186074
0.00112961754	879.426697	3.09427285
0.0011446593300000001	874.876831	3.06599832
0.0011597011200000001	859.455994	3.01264858
0.0011747429100000002	857.140137	2.99229264
0.00118978471	839.337646	2.93416476
0.0012048265000000002	822.492737	2.88549185
0.0012198682900000002	804.387207	2.83702087
0.00123491017	781.084106	2.77761841
0.00124995196	760.163879	2.72305727
0.00126499375	732.433289	2.65382552
0.0012800355400000001	698.208923	2.57704759
0.00129507734	667.504211	2.50538921
0.0013101191300000001	636.774414	2.43356442
0.0013251609200000002	595.864502	2.34623027
0.0013402027100000002	559.568115	2.26208329
0.0013552445	522.647705	2.17633772
0.00137028629	485.390533	2.08808422
0.00138532808	449.835114	2.00337338
0.0014003699600000001	413.02301	1.91276073
0.00141541176	380.610657	1.83156419
0.0014304535500000001	347.906616	1.74648595
0.0014454953400000001	316.029877	1.66046345
0.00146053713	285.973389	1.57750142
0.00147557892	259.085693	1.50073695
0.0014906207100000002	232.707672	1.42002153
0.0015056625000000002	209.301819	1.35127723
0.00152070429	185.78421	1.2727083
0.00153574608	167.068893	1.20944786
0.00155078787	148.125778	1.14125478
0.00156582966	133.162994	1.08674586
0.00158087146	117.805244	1.02645898
0.00159591325	106.738678	0.979068816
0.00161095504	97.5155258	0.938287318
0.0016259968300000001	90.1697693	0.905367196
0.0016410386200000002	84.0655823	0.875391662
0.0016560806	77.0144577	0.840482414
0.0016711223899999999	72.117218	0.813385606
0.0016861641800000001	70.6646042	0.804576278
0.00170120597	68.0041885	0.78676486
0.0017162477600000002	65.2036514	0.769051671
0.0017312895500000002	65.0742798	0.762947142
0.00174633134	64.616127	0.755942941
0.0017613731300000002	64.3520813	0.749994814
0.00177641492	64.7141571	0.746297598
0.00179145671	65.4681168	0.744205594
0.00180649851	66.0426331	0.743364394
0.0018215403000000003	65.899353	0.7357921
0.00183658209	66.1355515	0.733134449
0.0018516238800000001	64.6382446	0.721529782
0.00186666567	64.7302551	0.719038785
0.0018817074600000002	63.8420601	0.717988849
0.00189674925	64.088501	0.727064729
0.0019117910400000002	62.3288612	0.718892157
0.00192683283	62.1584778	0.718115091
0.00195691641	58.8147774	0.406757485
0.00200204197	53.4763463	0.389751175
0.00204716735	47.3541908	0.369335959
0.00209229272	40.2707545	0.335576471
0.0021374180900000004	35.0248515	0.310821681
0.00218254346	30.423729	0.289783208
0.00222766884	28.6201566	0.278562259
0.00227279421	26.9276257	0.267384144
0.0023179197700000003	28.1602618	0.265586271
0.00236304514	29.1210086	0.264316513
0.00240817051	30.1399765	0.262858696
0.00245329589	32.3337333	0.265084181
0.00249842126	32.8862826	0.262609303
0.0025435466300000003	33.4673208	0.260717696
0.002588672	32.7942975	0.254890771
0.00264883935	31.152018	0.190329263
0.0027240483100000002	27.4418324	0.177927503
0.00279925726	22.9324734	0.167703604
0.00287446622	18.8796829	0.156989699
0.0029496751700000003	15.9500525	0.148008974
0.00302488431	13.4514273	0.139205616
0.00310009327	12.5688913	0.134579724
0.0031753022200000005	11.7671779	0.13074324
0.0032505113600000005	10.6502424	0.125535412
0.00332572013	10.119985	0.121696965
0.0034009292700000002	8.48884411	0.110172687
0.0034761384100000002	6.84352713	0.100783458
0.0035513471800000004	6.14483518	0.0957529303
0.0036265563200000004	5.17201891	0.0899488298
0.0037017650899999997	4.79156847	0.0867208235
0.00377697423	4.89874029	0.0852969252
0.00385218337	4.92676268	0.0838691049
0.00394243412	4.99874122	0.0697754205
0.0040477264700000005	4.77530766	0.067495059
0.00415301919	4.49650335	0.0651677298
0.00425831191	4.20038026	0.062626193
0.00436360426	4.08315686	0.0610661535
0.00446889699	3.90354007	0.0589726677
0.00457418971	3.62685101	0.0570691562
0.00467948206	3.22035578	0.0546022699
0.004784774780000001	2.82588053	0.0521735806
0.0048900675	2.35635287	0.0496650476
0.0049953598500000005	2.03721883	0.0482327045
0.00510065258	1.80021976	0.0479176368
0.0052059453000000006	1.60487728	0.0472507442
0.00532627963	1.45163574	0.0409162184
0.00546165593	1.39961559	0.0402579267
0.005597031860000001	1.25012048	0.038789724
0.005732408170000001	1.22431416	0.0372289362
0.005867784470000001	1.21390439	0.0362657559
0.006003160400000001	1.15173182	0.0353918597
0.00613853671	1.11444459	0.0346647817
0.0062739126400000005	1.03551588	0.0338140653
0.0064092889400000005	1.00188023	0.0330968911
0.00655970722	0.965927216	0.0292904442
0.006725166740000001	0.99613058	0.0288315247
0.006890627000000001	0.937657443	0.0281700767
0.00705608651	0.968773782	0.0277714495
0.0072215460200000005	0.928966841	0.0272127923
0.00738700628	0.900216075	0.0267349759
0.0075524658	0.88207946	0.0262924129
0.00771792531	0.831006516	0.025783526
0.007898427550000002	0.748649363	0.0231855431
0.008093971010000001	0.686562676	0.0227059008
0.00828951374	0.630975159	0.0222518916
0.0084850572	0.582729482	0.0218004454
0.00868060067	0.567522604	0.0214362979
0.00887614414	0.513460132	0.0209956936
0.00907168761	0.481737036	0.020636639
0.009282273050000001	0.437071472	0.0188529538
0.00950789973	0.412335298	0.0185321751
0.00973352715	0.386715877	0.0182228999
0.009959153830000001	0.360965312	0.0179122726
0.0101847805	0.328888128	0.0176434054
0.010410407900000002	0.313440102	0.0174087566
0.010651076600000002	0.2872939	0.0160745598
0.0109067872	0.283753782	0.0158285823
0.0111624978	0.254660537	0.0158265466
0.0114182085	0.242944126	0.0159785209
0.011673919100000001	0.227091148	0.0158171914
0.011944671	0.21349717	0.0144952515
0.0122304656	0.207744381	0.0142117248
0.012516260100000003	0.192630813	0.0139666724
0.012802054	0.226744387	0.0138133643
0.0131028906	0.177557507	0.0128503184
0.013418768300000002	0.167523564	0.0128744459
0.013734646100000001	0.160508696	0.0131426326
0.0140505239	0.155423147	0.0135156184
0.014381443	0.160027573	0.0131410856
0.0147274047	0.158356831	0.013271937
0.015073365	0.16667759	0.0133811502
0.0154193267	0.166038762	0.0134952989
0.0157803297	0.16625818	0.0130385889
0.016156375400000002	0.161094053	0.0131085188
0.0165324196	0.158638748	0.0131772172
0.0169084653	0.142974469	0.0132145419
0.017299552300000003	0.136388164	0.0127488738
0.017705680400000003	0.124148091	0.0130556026
0.0181118086	0.114920837	0.0136024646
0.0185329795	0.114283836	0.0135541538
0.0189691916	0.107580515	0.0139555186
0.019405403700000004	0.100531461	0.0145551867
0.0198566571	0.104211027	0.0157049684
0.0203229532	0.0915956526	0.0171619792
0.020789249200000002	0.0831878546	0.0186890628
0.021270586600000002	0.0730650084	0.0196822391
0.021766966600000003	0.0685975571	0.0219798633
0.0222633451	0.0575368437	0.0246823455
0.0227747664	0.0602536595	0.0268805113
0.0233012304	0.0555909218	0.0310060409
0.0238427341	0.0516022737	0.0358552904
0.024399280500000002	0.0423738431	0.041483128
0.024970869700000002	0.037731164	0.0491589994
0.025557500100000005	0.0594747486	0.0692994594
