q[nm-1]	I(q)[sr-1]_rebin(no_smoothing,TAPBacetic38ACNphcn90C_eiger2_12617_sub.dat_00001_[sub(TAPBacetic38ACNphcn90C_eiger2_12617_ave.h5_00001_[AN_3_30_29_RXN_90C]-TAPBacetic38ACNphcn90C_eiger2_11907_av_ave.h5_00001_[AN_3_30_29_PRM_90C])],1,0.0050)	error
0.000212067761	122204.203	240.333725
0.000227109576	123361.156	158.019302
0.00024215136700000002	119739.172	130.084305
0.000257193157	114938.859	113.495583
0.000272234972	108323.516	100.796158
0.00028727676300000003	100045.594	90.2141495
0.000302318553	92784.9844	81.9389343
0.00031736036800000003	86276.5781	74.9909058
0.00033240215900000005	80124.3984	68.690712
0.000347443949	74244.4609	63.5458031
0.00036248576400000005	68433.3828	58.763958
0.00037752755500000006	63164.082	54.4548454
0.000392569369	57831.6875	50.4205246
0.00040761116	52969.3359	46.6446304
0.000422652951	48238.6875	43.2926064
0.00043769474100000005	43975.4766	40.3027954
0.000452736579	40154.5781	37.5708084
0.00046777837000000006	36340.9648	34.9237862
0.000482820161	33001.9141	32.4889526
0.000497861952	29704.7676	30.1676655
0.0005129037420000001	26758.5977	28.0338936
0.0005279455330000001	24018.293	25.9893799
0.000542987371	21561.6211	24.1871529
0.000558029162	19201.1895	22.3605003
0.0005730709530000001	17146.3809	20.8119316
0.0005881127440000001	15243.2539	19.2949352
0.000603154534	13543.8223	17.8782768
0.000618196372	11998.7324	16.4691162
0.000633238163	10609.9688	14.8530407
0.000648279954	9372.26367	13.5423975
0.0006633217450000001	8269.3916	12.4926348
0.000678363536	7260.09375	11.5710821
0.000693405326	6327.27979	10.6955605
0.0007084471640000001	5500.41602	9.86016083
0.0007234889550000001	4796.64355	9.11465454
0.000738530746	4159.18213	8.38864422
0.0007535725370000001	3612.44604	7.74522781
0.000768614328	3151.42798	7.17675209
0.0007836561650000001	2747.2937	6.64605427
0.000798697956	2391.49316	6.15632677
0.000813739747	2099.40503	5.72747183
0.0008287815380000001	1838.82983	5.31757689
0.000843823329	1625.69617	4.97458458
0.0008588651200000001	1455.66809	4.66846895
0.0008739069100000001	1323.67334	4.42677927
0.0008889487010000001	1196.95764	4.17694092
0.0009039905850000001	1108.25269	3.99021125
0.0009190323760000001	1043.02979	3.84498644
0.000934074167	989.731018	3.71222973
0.000949115958	953.943909	3.6143117
0.0009641577490000001	919.054688	3.51347446
0.00097919954	904.304565	3.45666265
0.000994241331	892.954834	3.39702272
0.0010092831199999999	887.892212	3.3595612
0.0010243249100000001	897.071777	3.35014534
0.0010393667000000001	900.375854	3.3189218
0.0010544084900000002	902.089417	3.29519892
0.00106945038	906.004761	3.27387428
0.00108449217	902.773132	3.2341249
0.00109953396	907.502686	3.21677279
0.00111457575	906.622498	3.18751621
0.00112961754	904.555908	3.16189003
0.0011446593300000001	895.708923	3.11758423
0.0011597011200000001	886.068176	3.07923913
0.0011747429100000002	869.630127	3.03045344
0.00118978471	857.080566	2.98683524
0.0012048265000000002	832.84729	2.92449498
0.0012198682900000002	807.247559	2.85713267
0.00123491017	782.347717	2.79671931
0.00124995196	752.41449	2.72951388
0.00126499375	721.495605	2.65301323
0.0012800355400000001	687.861816	2.57664871
0.00129507734	651.015442	2.49479723
0.0013101191300000001	614.692261	2.41071057
0.0013251609200000002	576.272888	2.32590508
0.0013402027100000002	533.690186	2.222929
0.0013552445	496.133545	2.13794303
0.00137028629	458.621796	2.04805064
0.00138532808	421.273499	1.95584834
0.0014003699600000001	383.984009	1.86407113
0.00141541176	353.389404	1.78380036
0.0014304535500000001	320.085602	1.69230199
0.0014454953400000001	286.691162	1.59915245
0.00146053713	258.100189	1.51838255
0.00147557892	230.943939	1.43743002
0.0014906207100000002	208.882629	1.36539567
0.0015056625000000002	186.217636	1.29170525
0.00152070429	166.120529	1.22521746
0.00153574608	146.859604	1.15372741
0.00155078787	132.098145	1.0982734
0.00156582966	119.113121	1.04739308
0.00158087146	108.485054	1.00184822
0.00159591325	98.4319153	0.955900967
0.00161095504	90.5733566	0.920677483
0.0016259968300000001	84.3970871	0.889609873
0.0016410386200000002	80.875885	0.869775295
0.0016560806	75.8658981	0.841730773
0.0016711223899999999	73.1446762	0.824570358
0.0016861641800000001	71.8107529	0.812448382
0.00170120597	72.1839523	0.810679138
0.0017162477600000002	71.6189499	0.802821457
0.0017312895500000002	71.6569519	0.795360982
0.00174633134	72.1853714	0.793560147
0.0017613731300000002	72.2851334	0.78744173
0.00177641492	73.4246445	0.789866626
0.00179145671	73.5371552	0.782287657
0.00180649851	75.2823029	0.784559667
0.0018215403000000003	76.2648468	0.784835041
0.00183658209	75.7784882	0.777792692
0.0018516238800000001	74.3172684	0.76797545
0.00186666567	73.2954102	0.759680808
0.0018817074600000002	72.4428558	0.759216547
0.00189674925	70.2202454	0.756287336
0.0019117910400000002	68.7134628	0.751929641
0.00192683283	67.0345688	0.746156096
0.00195691641	63.7727788	0.421875672
0.00200204197	57.0901655	0.402299919
0.00204716735	48.6399943	0.375403008
0.00209229272	41.5506045	0.341382354
0.0021374180900000004	36.1167221	0.316231964
0.00218254346	32.3015264	0.298088254
0.00222766884	30.4478874	0.286022616
0.00227279421	30.0521692	0.279215761
0.0023179197700000003	30.5552762	0.275140985
0.00236304514	32.9188766	0.278107374
0.00240817051	33.9920234	0.276281714
0.00245329589	34.9004148	0.274912652
0.00249842126	36.2447548	0.274727545
0.0025435466300000003	35.4545618	0.268519003
0.002588672	34.6233279	0.261940368
0.00264883935	31.4591797	0.192435723
0.0027240483100000002	26.9225658	0.177811106
0.00279925726	22.0446575	0.166831335
0.00287446622	17.9018963	0.155388274
0.0029496751700000003	15.1201559	0.146537196
0.00302488431	13.0038767	0.138765355
0.00310009327	12.1379343	0.134419701
0.0031753022200000005	11.3270595	0.130411414
0.0032505113600000005	10.2530994	0.125092898
0.00332572013	8.98424206	0.118476151
0.0034009292700000002	7.82009945	0.108711834
0.0034761384100000002	6.82033243	0.101592549
0.0035513471800000004	5.90551367	0.0956398152
0.0036265563200000004	5.64811039	0.092396032
0.0037017650899999997	5.36300306	0.0895564927
0.00377697423	5.62086687	0.0887838389
0.00385218337	5.74885425	0.0874944837
0.00394243412	5.59238584	0.0722484389
0.0040477264700000005	5.12460627	0.0689971862
0.00415301919	4.96280936	0.0672267817
0.00425831191	4.51894862	0.0642295374
0.00436360426	4.40179559	0.0625580881
0.00446889699	4.05638681	0.0601249328
0.00457418971	3.66291939	0.0577184059
0.00467948206	3.13610983	0.0547665818
0.004784774780000001	2.70572349	0.0522381684
0.0048900675	2.20596191	0.0497325133
0.0049953598500000005	1.97967567	0.0485001431
0.00510065258	1.76754265	0.0483432811
0.0052059453000000006	1.62929475	0.0477894436
0.00532627963	1.55109068	0.0416648308
0.00546165593	1.43372606	0.0407796796
0.005597031860000001	1.33737299	0.0394526014
0.005732408170000001	1.35846197	0.0380201739
0.005867784470000001	1.32248478	0.0369513783
0.006003160400000001	1.2265664	0.0360283355
0.00613853671	1.08646358	0.0349584913
0.0062739126400000005	1.06461293	0.034268135
0.0064092889400000005	1.00095356	0.0334684517
0.00655970722	1.00533926	0.029737372
0.006725166740000001	0.983672369	0.0291085654
0.006890627000000001	0.991673556	0.0286235241
0.00705608651	1.00543289	0.0281626142
0.0072215460200000005	0.996143309	0.0276719348
0.00738700628	0.972954457	0.0272430339
0.0075524658	0.935426148	0.0267288259
0.00771792531	0.889382449	0.0262362855
0.007898427550000002	0.804708371	0.0235834693
0.008093971010000001	0.712491196	0.0230233625
0.00828951374	0.643620885	0.0225245718
0.0084850572	0.616370032	0.022129954
0.00868060067	0.570922792	0.0216898059
0.00887614414	0.540120978	0.0212984113
0.00907168761	0.506509176	0.0209387986
0.009282273050000001	0.487045586	0.0191835356
0.00950789973	0.430084743	0.0187858293
0.00973352715	0.387882076	0.0184359114
0.009959153830000001	0.381335382	0.0181756221
0.0101847805	0.345771386	0.0178868429
0.010410407900000002	0.327409784	0.0176407204
0.010651076600000002	0.298224528	0.0162868679
0.0109067872	0.273683814	0.0159972636
0.0111624978	0.270497251	0.0160429941
0.0114182085	0.244797031	0.0161780466
0.011673919100000001	0.230753268	0.0160187191
0.011944671	0.229784287	0.0146988547
0.0122304656	0.208757898	0.0143843536
0.012516260100000003	0.214085289	0.0141744425
0.012802054	0.220965369	0.0139677341
0.0131028906	0.18010435	0.0130069654
0.013418768300000002	0.179633241	0.0130504485
0.013734646100000001	0.170530108	0.0133229638
0.0140505239	0.164454224	0.0136970268
0.014381443	0.166565041	0.0133084688
0.0147274047	0.161453851	0.0134351282
0.015073365	0.159653127	0.0135337126
0.0154193267	0.174118916	0.0136719262
0.0157803297	0.173659304	0.0132107264
0.016156375400000002	0.171243283	0.0132852559
0.0165324196	0.162129344	0.0133461801
0.0169084653	0.147683137	0.0133794096
0.017299552300000003	0.13921579	0.0129083689
0.017705680400000003	0.126695304	0.01321822
0.0181118086	0.120618772	0.0137797365
0.0185329795	0.115156903	0.0137215405
0.0189691916	0.112664473	0.0141384524
0.019405403700000004	0.114511073	0.0147599224
0.0198566571	0.107912536	0.0159029197
0.0203229532	0.0924799204	0.0173708376
0.020789249200000002	0.085092286	0.0189279068
0.021270586600000002	0.0778159407	0.0199371928
0.021766966600000003	0.0764912194	0.0222738973
0.0222633451	0.0732099537	0.0250382125
0.0227747664	0.0641153941	0.027221043
0.0233012304	0.0477214977	0.031339825
0.0238427341	0.046430352	0.0362691828
0.024399280500000002	0.04448385	0.0419897855
0.024970869700000002	0.042154148	0.0497804332
0.025557500100000005	0.0455428166	0.0700449081
