q[nm-1]	I(q)[sr-1]_rebin(no_smoothing,TAPBacetic38ACNphcn90C_eiger2_12615_sub.dat_00001_[sub(TAPBacetic38ACNphcn90C_eiger2_12615_ave.h5_00001_[AN_3_30_29_RXN_90C]-TAPBacetic38ACNphcn90C_eiger2_11907_av_ave.h5_00001_[AN_3_30_29_PRM_90C])],1,0.0050)	error
0.000212067761	122820.656	240.182816
0.000227109576	126315.672	159.755173
0.00024215136700000002	121820.477	131.193527
0.000257193157	114911.172	113.493584
0.000272234972	106968.578	100.166634
0.00028727676300000003	100241.758	90.4093781
0.000302318553	93448.9844	82.2577057
0.00031736036800000003	86867.4531	75.2486954
0.00033240215900000005	80733.8516	68.9926605
0.000347443949	74427.5781	63.6362686
0.00036248576400000005	68544.4844	58.8511848
0.00037752755500000006	63331.7578	54.5185089
0.000392569369	58191.7773	50.5835991
0.00040761116	53016.4688	46.6695595
0.000422652951	48329.2734	43.3541489
0.00043769474100000005	44023.5977	40.3432732
0.000452736579	40100.5898	37.5453491
0.00046777837000000006	36355.3555	34.960125
0.000482820161	32771.5586	32.3770027
0.000497861952	29606.2871	30.1314697
0.0005129037420000001	26679.293	27.9913616
0.0005279455330000001	23959.2852	25.9538746
0.000542987371	21507.6621	24.1603928
0.000558029162	19197.918	22.3787594
0.0005730709530000001	17179.6758	20.8508606
0.0005881127440000001	15213.4873	19.2785473
0.000603154534	13516.8535	17.8745823
0.000618196372	11907.8525	16.4055614
0.000633238163	10546.3682	14.8093548
0.000648279954	9344.10059	13.5298853
0.0006633217450000001	8236.96094	12.473238
0.000678363536	7238.11865	11.5612688
0.000693405326	6310.28906	10.6827888
0.0007084471640000001	5500.69482	9.8585577
0.0007234889550000001	4794.59668	9.11339188
0.000738530746	4169.3042	8.40358257
0.0007535725370000001	3622.65942	7.76197195
0.000768614328	3148.64233	7.17832613
0.0007836561650000001	2746.84839	6.64744902
0.000798697956	2384.56763	6.14719391
0.000813739747	2098.44238	5.72575951
0.0008287815380000001	1856.08386	5.34554625
0.000843823329	1627.51294	4.97282982
0.0008588651200000001	1455.63452	4.67456532
0.0008739069100000001	1302.84656	4.39226055
0.0008889487010000001	1195.88354	4.18054771
0.0009039905850000001	1104.97083	3.98839045
0.0009190323760000001	1037.97485	3.83691049
0.000934074167	984.132507	3.70243144
0.000949115958	944.938538	3.59846091
0.0009641577490000001	917.605286	3.51162529
0.00097919954	902.114502	3.45296907
0.000994241331	890.90387	3.39582062
0.0010092831199999999	890.863159	3.36515903
0.0010243249100000001	892.638977	3.33865619
0.0010393667000000001	889.955933	3.30146575
0.0010544084900000002	892.10614	3.27856064
0.00106945038	900.133362	3.26271558
0.00108449217	905.343811	3.24153018
0.00109953396	910.318176	3.22382832
0.00111457575	906.072021	3.1850059
0.00112961754	904.841736	3.16314077
0.0011446593300000001	890.088867	3.10770369
0.0011597011200000001	884.382019	3.07440042
0.0011747429100000002	869.163757	3.02840137
0.00118978471	854.024841	2.98282051
0.0012048265000000002	829.596985	2.91921377
0.0012198682900000002	807.47876	2.86152768
0.00123491017	782.148499	2.80037189
0.00124995196	751.60437	2.72787881
0.00126499375	715.674866	2.64372587
0.0012800355400000001	685.241394	2.57563877
0.00129507734	652.805725	2.49686337
0.0013101191300000001	615.503235	2.41231203
0.0013251609200000002	573.021423	2.31882548
0.0013402027100000002	536.229248	2.22995615
0.0013552445	499.521606	2.1480093
0.00137028629	459.258087	2.04929423
0.00138532808	424.138153	1.96134853
0.0014003699600000001	388.035675	1.87226593
0.00141541176	353.06662	1.78122962
0.0014304535500000001	320.919434	1.69698048
0.0014454953400000001	289.900726	1.60988903
0.00146053713	258.688873	1.5189712
0.00147557892	232.478363	1.4420296
0.0014906207100000002	209.664627	1.36981785
0.0015056625000000002	185.773804	1.29363823
0.00152070429	164.658386	1.21773171
0.00153574608	148.228577	1.15905726
0.00155078787	131.595444	1.09829569
0.00156582966	117.934822	1.04187846
0.00158087146	106.845848	0.994821489
0.00159591325	97.9083405	0.954986811
0.00161095504	88.8688583	0.913182795
0.0016259968300000001	82.661026	0.88372761
0.0016410386200000002	79.091629	0.859660029
0.0016560806	76.8238831	0.847177327
0.0016711223899999999	73.7281723	0.825855374
0.0016861641800000001	73.8487701	0.823697627
0.00170120597	70.9779282	0.804231524
0.0017162477600000002	71.9889297	0.80417037
0.0017312895500000002	73.0083771	0.803901374
0.00174633134	69.9669571	0.783785224
0.0017613731300000002	70.7367859	0.782088697
0.00177641492	72.5827103	0.785345852
0.00179145671	72.9664688	0.780665815
0.00180649851	73.3294373	0.77738744
0.0018215403000000003	75.4381561	0.782144845
0.00183658209	75.0748291	0.773935735
0.0018516238800000001	74.2563858	0.768240571
0.00186666567	72.8319168	0.758066416
0.0018817074600000002	71.9579391	0.756335258
0.00189674925	70.1964874	0.756482363
0.0019117910400000002	69.8464127	0.7582286
0.00192683283	68.2826538	0.749126673
0.00195691641	64.2100728	0.423780805
0.00200204197	56.6645622	0.401268571
0.00204716735	48.4936854	0.375156968
0.00209229272	41.8487422	0.342212495
0.0021374180900000004	36.033296	0.316150477
0.00218254346	32.311348	0.297922063
0.00222766884	30.7900683	0.286991174
0.00227279421	30.6306515	0.28130912
0.0023179197700000003	30.7487335	0.276356248
0.00236304514	32.1391722	0.275718192
0.00240817051	34.0248744	0.276814313
0.00245329589	35.5634257	0.276887233
0.00249842126	36.5692418	0.275410305
0.0025435466300000003	35.31891	0.267730398
0.002588672	34.3504397	0.261341907
0.00264883935	31.4110817	0.192214519
0.0027240483100000002	26.9950707	0.178142028
0.00279925726	21.8821297	0.16634891
0.00287446622	17.8974987	0.155592226
0.0029496751700000003	14.9500383	0.145973746
0.00302488431	12.6057119	0.137598704
0.00310009327	11.9444147	0.133846703
0.0031753022200000005	11.380176	0.130656923
0.0032505113600000005	10.390562	0.125764115
0.00332572013	9.07695865	0.118866326
0.0034009292700000002	7.89946098	0.109080346
0.0034761384100000002	6.52303782	0.10052544
0.0035513471800000004	5.9314868	0.0959613768
0.0036265563200000004	5.43662624	0.0915829809
0.0037017650899999997	5.44787741	0.0900359836
0.00377697423	5.37924337	0.0878868003
0.00385218337	5.70581103	0.0875161968
0.00394243412	5.5723676	0.0722078337
0.0040477264700000005	5.37025363	0.0698790654
0.00415301919	4.91816548	0.0669700945
0.00425831191	4.50752224	0.0642282733
0.00436360426	4.2056038	0.061998832
0.00446889699	4.10687644	0.0603126502
0.00457418971	3.61414146	0.0575842465
0.00467948206	3.06814739	0.0546108796
0.004784774780000001	2.67559001	0.0522093264
0.0048900675	2.11325209	0.0493500932
0.0049953598500000005	1.87988293	0.0481938056
0.00510065258	1.69263014	0.0480292662
0.0052059453000000006	1.66763536	0.0479841016
0.00532627963	1.52181757	0.0415676067
0.00546165593	1.43031243	0.0407778641
0.005597031860000001	1.36563042	0.0395832161
0.005732408170000001	1.35858263	0.0380917666
0.005867784470000001	1.28538208	0.0369027858
0.006003160400000001	1.25433343	0.0361328244
0.00613853671	1.13311763	0.0351461351
0.0062739126400000005	1.04304249	0.0342238251
0.0064092889400000005	1.02058488	0.0335523463
0.00655970722	0.962184429	0.0296232916
0.006725166740000001	0.969886259	0.0290802601
0.006890627000000001	0.941848517	0.0284788483
0.00705608651	0.991629422	0.0281635344
0.0072215460200000005	0.985955607	0.0276869761
0.00738700628	0.988552451	0.0272766171
0.0075524658	0.929337653	0.0267150987
0.00771792531	0.882899241	0.0262113747
0.007898427550000002	0.815770209	0.0236274651
0.008093971010000001	0.719645849	0.0230474871
0.00828951374	0.673731295	0.0226155934
0.0084850572	0.627960984	0.0221633375
0.00868060067	0.580985413	0.021725582
0.00887614414	0.523348616	0.0212693605
0.00907168761	0.481612508	0.0208889372
0.009282273050000001	0.452852529	0.0191187554
0.00950789973	0.419518387	0.0187693414
0.00973352715	0.395379736	0.0184700627
0.009959153830000001	0.362235479	0.0181404548
0.0101847805	0.359136599	0.0179312845
0.010410407900000002	0.31621601	0.0176291188
0.010651076600000002	0.291394486	0.0162849971
0.0109067872	0.27702523	0.016013469
0.0111624978	0.258636765	0.0160278808
0.0114182085	0.250284038	0.0161930808
0.011673919100000001	0.234619201	0.0160361726
0.011944671	0.214922579	0.014678252
0.0122304656	0.217184675	0.0144069091
0.012516260100000003	0.202324555	0.014161323
0.012802054	0.226891653	0.0139871059
0.0131028906	0.18660767	0.0130243323
0.013418768300000002	0.177821339	0.0130540844
0.013734646100000001	0.173538857	0.0133345949
0.0140505239	0.163189705	0.0137029122
0.014381443	0.165472147	0.0133150637
0.0147274047	0.156829495	0.0134352857
0.015073365	0.164778187	0.0135508703
0.0154193267	0.165521407	0.0136650523
0.0157803297	0.171401506	0.0132156588
0.016156375400000002	0.173623456	0.0132963214
0.0165324196	0.162181696	0.0133549662
0.0169084653	0.156676033	0.0134051132
0.017299552300000003	0.13446296	0.012908541
0.017705680400000003	0.125525176	0.0132242706
0.0181118086	0.127916046	0.0137994348
0.0185329795	0.112911884	0.0137249265
0.0189691916	0.108872502	0.0141393887
0.019405403700000004	0.111336187	0.0147589643
0.0198566571	0.0958372847	0.0158856938
0.0203229532	0.0938805092	0.0173872352
0.020789249200000002	0.085026164	0.0189366033
0.021270586600000002	0.0799110051	0.0199560046
0.021766966600000003	0.0782148325	0.0222958904
0.0222633451	0.0632107331	0.0250149639
0.0227747664	0.0587267992	0.027214566
0.0233012304	0.0565795759	0.031390976
0.0238427341	0.0482237922	0.0362930519
0.024399280500000002	0.0583074625	0.0421007312
0.024970869700000002	0.0375312829	0.0497933921
0.025557500100000005	0.042002936	0.0700250872
