q[nm-1]	I(q)[sr-1]_rebin(no_smoothing,TAPBacetic38ACNphcn90C_eiger2_11941_sub.dat_00001_[sub(TAPBacetic38ACNphcn90C_eiger2_11941_ave.h5_00001_[AN_3_30_29_RXN_90C]-TAPBacetic38ACNphcn90C_eiger2_11907_av_ave.h5_00001_[AN_3_30_29_PRM_90C])],1,0.0050)	error
0.000212067761	47461.7891	170.883621
0.000227109576	49837.418	107.582809
0.00024215136700000002	48124.7383	86.186882
0.000257193157	45178.6172	73.5552216
0.000272234972	43026.6797	65.3449936
0.00028727676300000003	40644.2695	58.9109192
0.000302318553	38329.5859	53.7613106
0.00031736036800000003	36170.5352	49.4488297
0.00033240215900000005	33868.8555	45.3943138
0.000347443949	31867.7148	42.2925301
0.00036248576400000005	29938.7637	39.4714394
0.00037752755500000006	27904.543	36.6924858
0.000392569369	25970.1953	34.2163239
0.00040761116	24390.0859	32.0335121
0.000422652951	22951.1719	30.2286358
0.00043769474100000005	21259.5137	28.3374386
0.000452736579	19679.3887	26.5785408
0.00046777837000000006	18253.6758	25.0049629
0.000482820161	16968.4199	23.5173645
0.000497861952	15716.2617	22.1627922
0.0005129037420000001	14558.1582	20.8701515
0.0005279455330000001	13456.9873	19.6267948
0.000542987371	12415.8408	18.5071526
0.000558029162	11458.9258	17.4366188
0.0005730709530000001	10492.4971	16.4027309
0.0005881127440000001	9690.40039	15.5130663
0.000603154534	8883.91992	14.5870705
0.000618196372	8171.58301	13.6796179
0.000633238163	7532.37305	12.5901804
0.000648279954	6947.64307	11.7294521
0.0006633217450000001	6362.65869	11.0175238
0.000678363536	5805.50098	10.3972969
0.000693405326	5307.71338	9.83597183
0.0007084471640000001	4860.58398	9.30069447
0.0007234889550000001	4446.93213	8.79693222
0.000738530746	4049.8064	8.29222012
0.0007535725370000001	3673.27905	7.81237507
0.000768614328	3345.38037	7.38781691
0.0007836561650000001	3037.30542	6.97237635
0.000798697956	2756.18213	6.58349991
0.000813739747	2516.92334	6.24098015
0.0008287815380000001	2268.57349	5.8715353
0.000843823329	2055.10205	5.548666
0.0008588651200000001	1860.21912	5.23697901
0.0008739069100000001	1671.72839	4.93068171
0.0008889487010000001	1510.75488	4.65517759
0.0009039905850000001	1363.91174	4.39520073
0.0009190323760000001	1229.34509	4.14234018
0.000934074167	1109.9259	3.90951467
0.000949115958	993.133118	3.68167949
0.0009641577490000001	890.836548	3.46930242
0.00097919954	803.282471	3.28037596
0.000994241331	718.53241	3.08869696
0.0010092831199999999	641.171997	2.90723133
0.0010243249100000001	571.724243	2.73918748
0.0010393667000000001	507.593353	2.5730474
0.0010544084900000002	454.939545	2.43176723
0.00106945038	407.212677	2.29737997
0.00108449217	362.547272	2.16403222
0.00109953396	316.465576	2.02206445
0.00111457575	285.002899	1.92162323
0.00112961754	256.72467	1.82549453
0.0011446593300000001	226.668259	1.7168802
0.0011597011200000001	200.270691	1.61922121
0.0011747429100000002	182.129272	1.55054653
0.00118978471	166.816162	1.48076749
0.0012048265000000002	153.849777	1.42474961
0.0012198682900000002	137.065399	1.34801984
0.00123491017	125.985443	1.29866242
0.00124995196	118.704353	1.25737488
0.00126499375	108.76123	1.20075941
0.0012800355400000001	101.698044	1.16448033
0.00129507734	93.9998245	1.12166917
0.0013101191300000001	90.1737976	1.09489572
0.0013251609200000002	85.7127457	1.06653166
0.0013402027100000002	82.3316803	1.03801441
0.0013552445	78.8600006	1.01467431
0.00137028629	77.4755096	0.99835676
0.00138532808	75.5175629	0.979338109
0.0014003699600000001	71.9498444	0.954777837
0.00141541176	69.0713348	0.932881951
0.0014304535500000001	67.602623	0.919039726
0.0014454953400000001	65.3452988	0.898430347
0.00146053713	64.3053665	0.886439025
0.00147557892	61.5239677	0.866072714
0.0014906207100000002	60.4942245	0.852767885
0.0015056625000000002	59.5247231	0.841543496
0.00152070429	57.1692581	0.821130812
0.00153574608	56.7777443	0.816256583
0.00155078787	53.4015427	0.789891303
0.00156582966	52.6556168	0.782291949
0.00158087146	49.1424713	0.755939186
0.00159591325	47.5583611	0.742189586
0.00161095504	44.8054276	0.721736372
0.0016259968300000001	42.2741547	0.703620851
0.0016410386200000002	40.3176537	0.685147583
0.0016560806	37.4429207	0.664970756
0.0016711223899999999	36.1273193	0.655030549
0.0016861641800000001	33.5461121	0.634837508
0.00170120597	31.8138676	0.621201396
0.0017162477600000002	29.7920818	0.60578841
0.0017312895500000002	27.2714882	0.5826689
0.00174633134	25.579422	0.56972152
0.0017613731300000002	24.9109688	0.561205924
0.00177641492	23.3885002	0.54708147
0.00179145671	21.6676731	0.532660306
0.00180649851	20.4450722	0.519519269
0.0018215403000000003	18.9376869	0.505558193
0.00183658209	17.9128971	0.495398611
0.0018516238800000001	17.3589668	0.488863915
0.00186666567	15.7625065	0.474465221
0.0018817074600000002	14.3689051	0.463910431
0.00189674925	14.1910877	0.466753483
0.0019117910400000002	14.2427778	0.468060583
0.00192683283	13.8580751	0.463402033
0.00195691641	12.9153185	0.26209006
0.00200204197	12.9086033	0.258010781
0.00204716735	12.820646	0.253193815
0.00209229272	12.9821138	0.242826662
0.0021374180900000004	13.7252204	0.239202373
0.00218254346	13.5565815	0.231898348
0.00222766884	13.8623333	0.227710084
0.00227279421	13.5147527	0.220796917
0.0023179197700000003	13.3616397	0.21529664
0.00236304514	12.4034151	0.207070435
0.00240817051	11.7042042	0.200328889
0.00245329589	10.8600225	0.19238964
0.00249842126	10.1217394	0.185592401
0.0025435466300000003	9.09857877	0.17753011
0.002588672	8.89875666	0.173402526
0.00264883935	7.69213257	0.127060704
0.0027240483100000002	7.36827917	0.122553861
0.00279925726	6.90776711	0.12065917
0.00287446622	6.99965048	0.120363261
0.0029496751700000003	6.97479315	0.119181218
0.00302488431	7.08857946	0.118575559
0.00310009327	7.09699717	0.116627426
0.0031753022200000005	6.68893032	0.11370184
0.0032505113600000005	6.31946554	0.110798956
0.00332572013	5.81417694	0.106679991
0.0034009292700000002	5.16614265	0.0987514485
0.0034761384100000002	4.55155573	0.0928755291
0.0035513471800000004	4.08712902	0.0886758479
0.0036265563200000004	3.84518428	0.0855629977
0.0037017650899999997	3.49310541	0.0823278273
0.00377697423	3.23444071	0.0795379088
0.00385218337	3.04459023	0.0770558429
0.00394243412	2.92361266	0.0634907442
0.0040477264700000005	2.69306357	0.0609852092
0.00415301919	2.34829351	0.0584075167
0.00425831191	1.95435234	0.0554486348
0.00436360426	1.57797413	0.052934737
0.00446889699	1.3005523	0.0505343778
0.00457418971	1.14344844	0.0488515741
0.00467948206	1.02369247	0.0472661528
0.004784774780000001	0.872365952	0.0456905582
0.0048900675	0.829849686	0.0446514289
0.0049953598500000005	0.727557932	0.0438935481
0.00510065258	0.611712422	0.0438579689
0.0052059453000000006	0.586098322	0.0437097446
0.00532627963	0.506609612	0.0380402418
0.00546165593	0.497698108	0.0374956588
0.005597031860000001	0.434042533	0.0363362811
0.005732408170000001	0.469527867	0.0350628486
0.005867784470000001	0.463563138	0.0341383274
0.006003160400000001	0.410090797	0.0333353558
0.00613853671	0.371877491	0.0325985939
0.0062739126400000005	0.426667528	0.0321876816
0.0064092889400000005	0.428762721	0.0316025835
0.00655970722	0.428967582	0.0280606508
0.006725166740000001	0.42343044	0.027488677
0.006890627000000001	0.461131952	0.0271173545
0.00705608651	0.445878465	0.0266161668
0.0072215460200000005	0.446725553	0.0261866401
0.00738700628	0.456704245	0.0258274838
0.0075524658	0.433152321	0.0253592042
0.00771792531	0.394635672	0.0249014971
0.007898427550000002	0.360127039	0.0224883018
0.008093971010000001	0.337386285	0.0220994728
0.00828951374	0.294613307	0.0216847741
0.0084850572	0.259108389	0.0212613153
0.00868060067	0.236069292	0.0208926577
0.00887614414	0.223283438	0.020553288
0.00907168761	0.221099426	0.0202725538
0.009282273050000001	0.187768114	0.0185400337
0.00950789973	0.18718641	0.0182701831
0.00973352715	0.169966404	0.0179812258
0.009959153830000001	0.159526212	0.0177122645
0.0101847805	0.152651863	0.0174940919
0.010410407900000002	0.151191405	0.0172858179
0.010651076600000002	0.134249581	0.0159775962
0.0109067872	0.13131981	0.0157371698
0.0111624978	0.120066388	0.015766828
0.0114182085	0.106237767	0.0159150406
0.011673919100000001	0.107550875	0.015792527
0.011944671	0.103202882	0.0144804029
0.0122304656	0.0944926465	0.0141955306
0.012516260100000003	0.0997262303	0.013988464
0.012802054	0.0963426883	0.013762161
0.0131028906	0.0855322618	0.0128669507
0.013418768300000002	0.0765152155	0.0128937086
0.013734646100000001	0.0786174227	0.0131805758
0.0140505239	0.0744492474	0.0135542519
0.014381443	0.0807782039	0.0131789364
0.0147274047	0.0829307074	0.0133146054
0.015073365	0.0780348658	0.0134075279
0.0154193267	0.0828545312	0.0135314482
0.0157803297	0.0854766652	0.0130764917
0.016156375400000002	0.0852112892	0.013153647
0.0165324196	0.0761329676	0.0132125762
0.0169084653	0.0694118919	0.0132606766
0.017299552300000003	0.0738432402	0.0128160544
0.017705680400000003	0.0607058439	0.0131198178
0.0181118086	0.0568087771	0.0136798801
0.0185329795	0.0566781194	0.0136317582
0.0189691916	0.0545897366	0.0140460774
0.019405403700000004	0.049581932	0.0146516285
0.0198566571	0.050346298	0.01580366
0.0203229532	0.0392611124	0.0172699392
0.020789249200000002	0.0405454998	0.0188404183
0.021270586600000002	0.0328241134	0.0198403747
0.021766966600000003	0.0405454291	0.0221963952
0.0222633451	0.028799513	0.0249140767
0.0227747664	0.0243299086	0.027111286
0.0233012304	0.0334072068	0.0313278544
0.0238427341	0.0344409356	0.0362501278
0.024399280500000002	0.0190609054	0.0418946799
0.024970869700000002	0.0263481376	0.0497574435
0.025557500100000005	0.0190184973	0.0698340182
