q[nm-1]	I(q)[sr-1]_rebin(no_smoothing,TAPBacetic38ACNphcn90C_eiger2_12025_sub.dat_00001_[sub(TAPBacetic38ACNphcn90C_eiger2_12025_ave.h5_00001_[AN_3_30_29_RXN_90C]-TAPBacetic38ACNphcn90C_eiger2_11907_av_ave.h5_00001_[AN_3_30_29_PRM_90C])],1,0.0050)	error
0.000212067761	126102.219	241.585403
0.000227109576	121745.938	155.635422
0.00024215136700000002	115532.953	126.804085
0.000257193157	109166.07	109.66774
0.000272234972	103432.969	97.7355194
0.00028727676300000003	96422.5625	87.7586441
0.000302318553	90733.1484	80.2583313
0.00031736036800000003	85180.8594	73.7644119
0.00033240215900000005	79874.6562	67.9291763
0.000347443949	74489.2734	63.0536575
0.00036248576400000005	69303.5938	58.5621071
0.00037752755500000006	64650.6484	54.5262451
0.000392569369	59981.1406	50.8308563
0.00040761116	55390.6094	47.1999741
0.000422652951	51003.2422	44.0467453
0.00043769474100000005	47126.0508	41.2979622
0.000452736579	43498.4023	38.7011223
0.00046777837000000006	39902.8594	36.2160568
0.000482820161	36749.8242	33.9148369
0.000497861952	33687.5195	31.7810078
0.0005129037420000001	30856.291	29.760046
0.0005279455330000001	28213.7051	27.8429966
0.000542987371	25762.1953	26.1254292
0.000558029162	23451.9199	24.4305573
0.0005730709530000001	21334.6016	22.9391747
0.0005881127440000001	19296.4219	21.443222
0.000603154534	17486.6973	20.0622139
0.000618196372	15864.9229	18.6896839
0.000633238163	14398.0469	17.0726643
0.000648279954	13009.29	15.7371502
0.0006633217450000001	11693.1719	14.6361837
0.000678363536	10504.6768	13.7074986
0.000693405326	9467.0	12.8837929
0.0007084471640000001	8467.04395	12.0301819
0.0007234889550000001	7540.39258	11.2267179
0.000738530746	6711.1416	10.4658442
0.0007535725370000001	5969.73486	9.76931572
0.000768614328	5301.4917	9.11650467
0.0007836561650000001	4698.13086	8.4984436
0.000798697956	4155.27051	7.93429327
0.000813739747	3643.01416	7.3607502
0.0008287815380000001	3181.13477	6.81601429
0.000843823329	2790.78931	6.34672165
0.0008588651200000001	2432.01172	5.87621832
0.0008739069100000001	2128.45532	5.46158934
0.0008889487010000001	1859.22681	5.07117033
0.0009039905850000001	1605.39514	4.68665409
0.0009190323760000001	1385.32483	4.33652306
0.000934074167	1194.08667	4.00518179
0.000949115958	1025.58862	3.69956017
0.0009641577490000001	880.178833	3.41076636
0.00097919954	761.189575	3.16846204
0.000994241331	648.23053	2.91921854
0.0010092831199999999	559.351318	2.71065688
0.0010243249100000001	480.579346	2.51397085
0.0010393667000000001	415.380341	2.33923364
0.0010544084900000002	359.43338	2.18255115
0.00106945038	311.383026	2.03372455
0.00108449217	276.291595	1.91649139
0.00109953396	246.767548	1.81371856
0.00111457575	226.773712	1.73658526
0.00112961754	207.155609	1.65845573
0.0011446593300000001	191.929321	1.59321439
0.0011597011200000001	182.375793	1.54697227
0.0011747429100000002	176.975479	1.51526058
0.00118978471	174.029922	1.4864912
0.0012048265000000002	169.164886	1.46062875
0.0012198682900000002	165.013962	1.43181944
0.00123491017	165.538208	1.41766846
0.00124995196	168.512695	1.41303444
0.00126499375	168.596222	1.39698386
0.0012800355400000001	170.229218	1.3916527
0.00129507734	165.702271	1.36284947
0.0013101191300000001	166.306076	1.35336816
0.0013251609200000002	166.595734	1.34354997
0.0013402027100000002	163.478912	1.32026947
0.0013552445	159.428268	1.29588377
0.00137028629	158.471176	1.28232431
0.00138532808	153.751907	1.25242054
0.0014003699600000001	151.636414	1.24160981
0.00141541176	141.959961	1.19631279
0.0014304535500000001	137.283813	1.17274952
0.0014454953400000001	132.098511	1.14563012
0.00146053713	125.375008	1.11348391
0.00147557892	118.697281	1.08229315
0.0014906207100000002	112.472198	1.04953659
0.0015056625000000002	105.346268	1.01633227
0.00152070429	97.2795029	0.979902089
0.00153574608	91.1028442	0.949322224
0.00155078787	85.3029251	0.917373002
0.00156582966	81.1480484	0.896235526
0.00158087146	75.7610245	0.865787745
0.00159591325	69.2732544	0.830355167
0.00161095504	63.2122955	0.79864037
0.0016259968300000001	59.8181458	0.779448748
0.0016410386200000002	55.449955	0.750499129
0.0016560806	51.9884949	0.730515361
0.0016711223899999999	50.2627792	0.716170728
0.0016861641800000001	47.9464417	0.700470626
0.00170120597	45.5528412	0.684472144
0.0017162477600000002	44.9161987	0.676107466
0.0017312895500000002	45.4536171	0.673024774
0.00174633134	44.6656075	0.663624406
0.0017613731300000002	44.5067711	0.656562507
0.00177641492	45.5706482	0.658339739
0.00179145671	45.730011	0.652848184
0.00180649851	46.80616	0.653511345
0.0018215403000000003	48.2408714	0.656010509
0.00183658209	49.2254181	0.657286704
0.0018516238800000001	50.1980972	0.656795204
0.00186666567	51.0947342	0.656681001
0.0018817074600000002	53.0158577	0.667464793
0.00189674925	54.8353996	0.680894852
0.0019117910400000002	56.7018089	0.693257391
0.00192683283	58.0598679	0.699756444
0.00195691641	59.3759346	0.40632984
0.00200204197	61.54223	0.410310812
0.00204716735	61.4339778	0.406194497
0.00209229272	59.4544602	0.386772064
0.0021374180900000004	55.0239792	0.366314547
0.00218254346	51.6585846	0.349753841
0.00222766884	46.2975591	0.329286603
0.00227279421	41.607591	0.310859711
0.0023179197700000003	37.2853584	0.292572777
0.00236304514	33.4227257	0.27666689
0.00240817051	30.7008031	0.263663899
0.00245329589	27.5485331	0.24951107
0.00249842126	26.551473	0.242557279
0.0025435466300000003	25.1351566	0.234329198
0.002588672	24.3826898	0.228221422
0.00264883935	24.340945	0.173368733
0.0027240483100000002	24.6529011	0.17035054
0.00279925726	23.6929245	0.168947612
0.00287446622	22.4222862	0.166168117
0.0029496751700000003	20.0155354	0.159033686
0.00302488431	17.6567215	0.151373443
0.00310009327	14.871184	0.141527493
0.0031753022200000005	12.4798506	0.1326659
0.0032505113600000005	10.515374	0.124820483
0.00332572013	8.95726681	0.116973346
0.0034009292700000002	8.30353737	0.10910897
0.0034761384100000002	8.09009113	0.104913376
0.0035513471800000004	7.40560389	0.100127312
0.0036265563200000004	6.74904671	0.0953461753
0.0037017650899999997	6.03410482	0.0910387214
0.00377697423	5.3661376	0.0868486092
0.00385218337	4.53040123	0.0817766815
0.00394243412	3.96987751	0.0661743992
0.0040477264700000005	3.35432996	0.0624220354
0.00415301919	2.92467792	0.0596694534
0.00425831191	2.81163948	0.0578070163
0.00436360426	2.68054509	0.056095886
0.00446889699	2.60666142	0.0545464119
0.00457418971	2.30741494	0.0524176774
0.00467948206	2.24297936	0.0509980629
0.004784774780000001	2.19640054	0.0498761109
0.0048900675	2.07479652	0.04853061
0.0049953598500000005	2.07864996	0.0482022269
0.00510065258	1.93349675	0.0482710341
0.0052059453000000006	1.86158502	0.0479649808
0.00532627963	1.61400762	0.0412679548
0.00546165593	1.55169459	0.0406032213
0.005597031860000001	1.37165809	0.0389984632
0.005732408170000001	1.3226259	0.037361096
0.005867784470000001	1.26384636	0.0362931659
0.006003160400000001	1.14491187	0.0352049075
0.00613853671	1.0453485	0.0342831981
0.0062739126400000005	1.00069967	0.0335305831
0.0064092889400000005	0.974925935	0.0328448467
0.00655970722	0.921337496	0.029031617
0.006725166740000001	0.92291133	0.0284741268
0.006890627000000001	0.901985017	0.0279050147
0.00705608651	0.941337927	0.0275922304
0.0072215460200000005	0.887294748	0.0269619294
0.00738700628	0.838218987	0.0264378382
0.0075524658	0.860047124	0.0261041003
0.00771792531	0.853037097	0.0257071949
0.007898427550000002	0.777601416	0.0231392404
0.008093971010000001	0.735933726	0.0226917153
0.00828951374	0.68516392	0.0222584058
0.0084850572	0.610500505	0.0217620598
0.00868060067	0.565847927	0.0213150801
0.00887614414	0.534585586	0.0209255895
0.00907168761	0.481615429	0.0205354275
0.009282273050000001	0.449167575	0.0187860746
0.00950789973	0.415025123	0.0184359059
0.00973352715	0.379148918	0.018106811
0.009959153830000001	0.352410873	0.0178001057
0.0101847805	0.319776211	0.0175291933
0.010410407900000002	0.30961923	0.0173060169
0.010651076600000002	0.300920776	0.0160161251
0.0109067872	0.270265066	0.0157155427
0.0111624978	0.272146774	0.0157708081
0.0114182085	0.234777271	0.0158779319
0.011673919100000001	0.231125076	0.0157452691
0.011944671	0.214177915	0.0144140368
0.0122304656	0.215540806	0.0141479615
0.012516260100000003	0.206088239	0.0139140547
0.012802054	0.215455388	0.0137162721
0.0131028906	0.187590176	0.0127954162
0.013418768300000002	0.167617651	0.0128000934
0.013734646100000001	0.160421268	0.0130710383
0.0140505239	0.159931937	0.013448119
0.014381443	0.161026219	0.0130654928
0.0147274047	0.164092697	0.0132038414
0.015073365	0.176572809	0.0133209125
0.0154193267	0.167422599	0.0134254136
0.0157803297	0.175802764	0.0129837824
0.016156375400000002	0.168387707	0.0130461496
0.0165324196	0.162815498	0.0131134777
0.0169084653	0.15439491	0.0131580961
0.017299552300000003	0.136160143	0.0126760164
0.017705680400000003	0.127955644	0.0129882526
0.0181118086	0.125389918	0.0135428452
0.0185329795	0.117516585	0.0134812172
0.0189691916	0.118187879	0.0138987337
0.019405403700000004	0.109408971	0.0144910787
0.0198566571	0.0990061147	0.0156025464
0.0203229532	0.0916394543	0.0170599401
0.020789249200000002	0.0836338528	0.0185896489
0.021270586600000002	0.0793649666	0.0195890775
0.021766966600000003	0.0744849172	0.0218762793
0.0222633451	0.0673757931	0.0245693308
0.0227747664	0.067654752	0.0267525605
0.0233012304	0.0530594195	0.0308145728
0.0238427341	0.05118902	0.035647033
0.024399280500000002	0.0408304817	0.0412316364
0.024970869700000002	0.0347547497	0.0488641875
0.025557500100000005	0.0430674026	0.0687374788
