q[nm-1]	I(q)[sr-1]_rebin(no_smoothing,TAPBacetic38ACNphcn90C_eiger2_12028_sub.dat_00001_[sub(TAPBacetic38ACNphcn90C_eiger2_12028_ave.h5_00001_[AN_3_30_29_RXN_90C]-TAPBacetic38ACNphcn90C_eiger2_11907_av_ave.h5_00001_[AN_3_30_29_PRM_90C])],1,0.0050)	error
0.000212067761	126750.469	241.326874
0.000227109576	122512.562	155.543274
0.00024215136700000002	116550.695	126.739105
0.000257193157	110044.453	109.638557
0.000272234972	103453.188	97.3000183
0.00028727676300000003	97091.625	87.7423248
0.000302318553	90926.0938	79.9701157
0.00031736036800000003	85209.6719	73.4997406
0.00033240215900000005	79517.3906	67.4875412
0.000347443949	74551.25	62.8366928
0.00036248576400000005	69554.0078	58.4512672
0.00037752755500000006	64764.8438	54.3588409
0.000392569369	60075.4336	50.6765556
0.00040761116	55558.543	47.0916557
0.000422652951	51329.9414	44.0231056
0.00043769474100000005	47428.8672	41.2686806
0.000452736579	43700.5898	38.6073189
0.00046777837000000006	40224.668	36.2155685
0.000482820161	36954.543	33.8667107
0.000497861952	33907.625	31.7597523
0.0005129037420000001	31001.6406	29.7151432
0.0005279455330000001	28337.5527	27.804121
0.000542987371	25810.9258	26.0392895
0.000558029162	23559.2695	24.3916855
0.0005730709530000001	21458.9375	22.9141006
0.0005881127440000001	19441.8574	21.4347572
0.000603154534	17591.5703	20.0377884
0.000618196372	15901.5293	18.6303806
0.000633238163	14444.5664	17.0289249
0.000648279954	13028.0098	15.6793079
0.0006633217450000001	11737.0303	14.61026
0.000678363536	10544.6826	13.6801653
0.000693405326	9424.9043	12.7955618
0.0007084471640000001	8424.33203	11.9552526
0.0007234889550000001	7530.91504	11.1727915
0.000738530746	6722.40527	10.4296608
0.0007535725370000001	5956.11182	9.71678925
0.000768614328	5265.00244	9.04863262
0.0007836561650000001	4671.8042	8.44594479
0.000798697956	4116.16406	7.86049986
0.000813739747	3622.7478	7.30897331
0.0008287815380000001	3195.02002	6.80859852
0.000843823329	2789.76782	6.31683636
0.0008588651200000001	2429.76172	5.84754705
0.0008739069100000001	2118.43774	5.42640734
0.0008889487010000001	1839.69104	5.02662706
0.0009039905850000001	1600.98499	4.66340017
0.0009190323760000001	1388.72339	4.32295656
0.000934074167	1190.41406	3.97860074
0.000949115958	1034.98193	3.70187712
0.0009641577490000001	885.097412	3.4081924
0.00097919954	753.576538	3.13891912
0.000994241331	645.150757	2.90093374
0.0010092831199999999	559.801392	2.70464754
0.0010243249100000001	481.908508	2.51000142
0.0010393667000000001	414.842255	2.32793212
0.0010544084900000002	357.450989	2.16580486
0.00106945038	314.583069	2.03241467
0.00108449217	280.967621	1.92034376
0.00109953396	248.30191	1.8103466
0.00111457575	225.854614	1.72766018
0.00112961754	210.856079	1.66557312
0.0011446593300000001	197.069809	1.60504031
0.0011597011200000001	188.248184	1.56191993
0.0011747429100000002	179.721786	1.51780498
0.00118978471	173.954758	1.48015213
0.0012048265000000002	171.094208	1.45816135
0.0012198682900000002	171.130966	1.44431591
0.00123491017	170.644348	1.42764449
0.00124995196	171.135101	1.41405797
0.00126499375	172.996872	1.40634024
0.0012800355400000001	170.910934	1.38611734
0.00129507734	170.246948	1.37388134
0.0013101191300000001	170.595581	1.36281812
0.0013251609200000002	167.135315	1.33735037
0.0013402027100000002	167.748566	1.32763278
0.0013552445	163.644363	1.30461502
0.00137028629	159.201172	1.27912807
0.00138532808	154.367218	1.25241625
0.0014003699600000001	150.955688	1.23368251
0.00141541176	145.466156	1.2040385
0.0014304535500000001	138.946533	1.17140186
0.0014454953400000001	130.02356	1.13075387
0.00146053713	124.99929	1.10846424
0.00147557892	120.48732	1.0850563
0.0014906207100000002	114.012772	1.05209029
0.0015056625000000002	105.470474	1.01240468
0.00152070429	100.310516	0.986671567
0.00153574608	92.7145538	0.949095726
0.00155078787	86.0139999	0.917946875
0.00156582966	79.7913895	0.884900272
0.00158087146	74.5559387	0.858115256
0.00159591325	67.9299927	0.821865916
0.00161095504	63.6118088	0.79829663
0.0016259968300000001	59.5959473	0.775351167
0.0016410386200000002	56.0972404	0.749265134
0.0016560806	54.8877792	0.741253138
0.0016711223899999999	50.4772415	0.713322222
0.0016861641800000001	48.4274368	0.69988066
0.00170120597	47.1362152	0.690230608
0.0017162477600000002	45.0480652	0.673262715
0.0017312895500000002	44.9240341	0.66516012
0.00174633134	45.1683121	0.662862062
0.0017613731300000002	45.8735352	0.661838472
0.00177641492	45.5894127	0.653933167
0.00179145671	46.7136307	0.655268371
0.00180649851	47.6684761	0.655290902
0.0018215403000000003	49.4974327	0.659707367
0.00183658209	49.8877258	0.655826867
0.0018516238800000001	52.1102066	0.663847446
0.00186666567	53.9657745	0.668546021
0.0018817074600000002	54.8654823	0.672374308
0.00189674925	56.5851631	0.686690271
0.0019117910400000002	58.1319618	0.698265612
0.00192683283	59.3626785	0.701980293
0.00195691641	61.177372	0.409152258
0.00200204197	63.4078484	0.41355482
0.00204716735	62.309845	0.407030566
0.00209229272	61.0097198	0.389267476
0.0021374180900000004	57.508021	0.370932608
0.00218254346	52.3074799	0.34973875
0.00222766884	47.7509651	0.331872627
0.00227279421	42.6046994	0.311962661
0.0023179197700000003	37.7624537	0.293199392
0.00236304514	33.5139796	0.275837454
0.00240817051	30.4882367	0.261955106
0.00245329589	28.3469899	0.251631128
0.00249842126	26.1617902	0.240200239
0.0025435466300000003	25.4599113	0.23503341
0.002588672	25.1706981	0.2300576
0.00264883935	25.136824	0.174867704
0.0027240483100000002	24.8474049	0.170397635
0.00279925726	24.1651898	0.169322155
0.00287446622	22.6714001	0.16609334
0.0029496751700000003	20.6009239	0.159993063
0.00302488431	17.7115295	0.150912281
0.00310009327	15.0953176	0.141607147
0.0031753022200000005	12.354365	0.131701015
0.0032505113600000005	10.5983124	0.124297591
0.00332572013	9.04276142	0.116798836
0.0034009292700000002	8.46070862	0.109128213
0.0034761384100000002	7.66341886	0.102708698
0.0035513471800000004	7.14969702	0.0985195761
0.0036265563200000004	6.68372364	0.0948004049
0.0037017650899999997	6.29672918	0.0915801254
0.00377697423	5.42055664	0.0864955149
0.00385218337	4.77560339	0.0824075456
0.00394243412	4.02191567	0.0659690365
0.0040477264700000005	3.5258504	0.062757533
0.00415301919	3.13989387	0.0600346829
0.00425831191	2.94382201	0.0578799156
0.00436360426	2.7884	0.0561483471
0.00446889699	2.58054989	0.0541395011
0.00457418971	2.41875379	0.0525036939
0.00467948206	2.30761344	0.0509864122
0.004784774780000001	2.14681385	0.0492950654
0.0048900675	2.10409234	0.0483551046
0.0049953598500000005	2.01005292	0.047676048
0.00510065258	1.94346275	0.0479960425
0.0052059453000000006	1.90942817	0.0478249404
0.00532627963	1.66393891	0.0411879424
0.00546165593	1.52351831	0.0401933429
0.005597031860000001	1.39297509	0.0388579217
0.005732408170000001	1.35152504	0.0372113138
0.005867784470000001	1.30456581	0.0361740125
0.006003160400000001	1.18170051	0.0351159816
0.00613853671	1.0815658	0.0341995081
0.0062739126400000005	0.990620733	0.0332955029
0.0064092889400000005	0.991404599	0.0327095001
0.00655970722	0.940986471	0.0288609087
0.006725166740000001	0.926939813	0.0283166556
0.006890627000000001	0.889850291	0.0277119876
0.00705608651	0.92109484	0.0273272126
0.0072215460200000005	0.891208898	0.0267904315
0.00738700628	0.922905451	0.0264933617
0.0075524658	0.869618091	0.0259570508
0.00771792531	0.835481308	0.025485064
0.007898427550000002	0.773411618	0.022970057
0.008093971010000001	0.711642838	0.02248512
0.00828951374	0.654980183	0.0220383168
0.0084850572	0.624415732	0.0216340673
0.00868060067	0.574510808	0.0212001589
0.00887614414	0.519760081	0.0207520177
0.00907168761	0.487247109	0.0204076495
0.009282273050000001	0.459653829	0.0186762074
0.00950789973	0.430547337	0.0183412324
0.00973352715	0.370454021	0.0179590989
0.009959153830000001	0.35254489	0.0176830517
0.0101847805	0.323158634	0.017417139
0.010410407900000002	0.303497394	0.0171733509
0.010651076600000002	0.291688747	0.0158832726
0.0109067872	0.267802374	0.0156030388
0.0111624978	0.260663728	0.0156361723
0.0114182085	0.238338598	0.0157722967
0.011673919100000001	0.235463112	0.0156402018
0.011944671	0.221649028	0.0143245437
0.0122304656	0.202829021	0.014024249
0.012516260100000003	0.20553799	0.0138163189
0.012802054	0.222982289	0.0136286018
0.0131028906	0.185313546	0.0126974095
0.013418768300000002	0.171392276	0.0127170946
0.013734646100000001	0.159009908	0.0129766361
0.0140505239	0.16280445	0.0133568055
0.014381443	0.163856084	0.0129787509
0.0147274047	0.167514925	0.0131159247
0.015073365	0.167798522	0.0132131614
0.0154193267	0.173480411	0.0133340389
0.0157803297	0.176413164	0.0128943763
0.016156375400000002	0.17346499	0.0129631925
0.0165324196	0.15800819	0.0130090157
0.0169084653	0.151940894	0.0130594399
0.017299552300000003	0.138759448	0.01259013
0.017705680400000003	0.131283833	0.0129011308
0.0181118086	0.130701162	0.0134558739
0.0185329795	0.12012184	0.0133903802
0.0189691916	0.108757582	0.0137845407
0.019405403700000004	0.110828207	0.0143881517
0.0198566571	0.108194268	0.0155132892
0.0203229532	0.0853365732	0.0169235634
0.020789249200000002	0.0861057932	0.01846061
0.021270586600000002	0.078202918	0.0194439676
0.021766966600000003	0.0789887842	0.0217270301
0.0222633451	0.0646191385	0.0243823962
0.0227747664	0.0628260945	0.0265408027
0.0233012304	0.0581380216	0.0306042934
0.0238427341	0.0490222751	0.0353778293
0.024399280500000002	0.0454502883	0.0409631539
0.024970869700000002	0.0532300287	0.0485928586
0.025557500100000005	0.0432476377	0.0681973164
