q[nm-1]	I(q)[sr-1]_rebin(no_smoothing,TAPBacetic38ACNphcn90C_eiger2_12293_sub.dat_00001_[sub(TAPBacetic38ACNphcn90C_eiger2_12293_ave.h5_00001_[AN_3_30_29_RXN_90C]-TAPBacetic38ACNphcn90C_eiger2_11907_av_ave.h5_00001_[AN_3_30_29_PRM_90C])],1,0.0050)	error
0.000212067761	152187.281	262.795349
0.000227109576	130833.844	160.7836
0.00024215136700000002	116731.641	127.467072
0.000257193157	106664.477	108.567657
0.000272234972	99671.9141	96.031929
0.00028727676300000003	92892.2578	86.2754593
0.000302318553	86241.8984	78.3566055
0.00031736036800000003	80010.7734	71.6046448
0.00033240215900000005	74215.9141	65.562027
0.000347443949	68708.4297	60.639267
0.00036248576400000005	63160.8242	56.0060577
0.00037752755500000006	58058.2227	51.7563934
0.000392569369	53317.1953	47.9976387
0.00040761116	48948.9023	44.4550591
0.000422652951	44963.8711	41.46381
0.00043769474100000005	40920.375	38.5468292
0.000452736579	37387.8555	35.9413948
0.00046777837000000006	33976.2656	33.4851341
0.000482820161	30726.3008	31.0695114
0.000497861952	27764.0957	28.9186401
0.0005129037420000001	25078.4375	26.9100552
0.0005279455330000001	22556.7363	24.9753571
0.000542987371	20210.7266	23.2031498
0.000558029162	18101.8281	21.5359344
0.0005730709530000001	16132.209	20.0158825
0.0005881127440000001	14369.3389	18.5704517
0.000603154534	12805.7295	17.2376175
0.000618196372	11334.9932	15.8666248
0.000633238163	10052.3809	14.326582
0.000648279954	8920.3125	13.1020927
0.0006633217450000001	7848.02539	12.0650625
0.000678363536	6897.80762	11.1862392
0.000693405326	6043.41895	10.3661232
0.0007084471640000001	5259.83838	9.5555191
0.0007234889550000001	4583.58496	8.83242798
0.000738530746	3990.37427	8.15782356
0.0007535725370000001	3450.25513	7.5109992
0.000768614328	2998.07983	6.94141769
0.0007836561650000001	2612.05884	6.42792463
0.000798697956	2256.24463	5.93201733
0.000813739747	1964.51343	5.49790525
0.0008287815380000001	1711.97681	5.0982666
0.000843823329	1487.36841	4.72836208
0.0008588651200000001	1321.11328	4.42778635
0.0008739069100000001	1178.2301	4.15618944
0.0008889487010000001	1052.38879	3.90327048
0.0009039905850000001	959.300537	3.70643163
0.0009190323760000001	884.394897	3.53210974
0.000934074167	831.956055	3.40102053
0.000949115958	792.047607	3.29742885
0.0009641577490000001	751.628357	3.17718506
0.00097919954	741.659302	3.13067913
0.000994241331	733.001831	3.0829711
0.0010092831199999999	730.362671	3.04904199
0.0010243249100000001	732.943115	3.0253334
0.0010393667000000001	737.040161	3.00401306
0.0010544084900000002	743.626099	2.99019265
0.00106945038	755.090332	2.98099947
0.00108449217	770.86145	2.9813621
0.00109953396	778.820312	2.97027016
0.00111457575	786.118774	2.9551971
0.00112961754	790.488464	2.93891597
0.0011446593300000001	794.250549	2.92229867
0.0011597011200000001	800.241272	2.90661168
0.0011747429100000002	800.313049	2.88719463
0.00118978471	793.761963	2.85285807
0.0012048265000000002	786.436523	2.8227036
0.0012198682900000002	770.051147	2.77091408
0.00123491017	757.408691	2.7302537
0.00124995196	742.869385	2.6867919
0.00126499375	721.424011	2.62781882
0.0012800355400000001	696.802856	2.56653619
0.00129507734	671.134766	2.50559449
0.0013101191300000001	641.11969	2.43450689
0.0013251609200000002	610.5495	2.36458635
0.0013402027100000002	581.432129	2.29380822
0.0013552445	547.567566	2.21793056
0.00137028629	513.640991	2.13871121
0.00138532808	481.823212	2.06238842
0.0014003699600000001	448.027557	1.98256862
0.00141541176	413.066803	1.89662945
0.0014304535500000001	382.417664	1.81824315
0.0014454953400000001	352.294952	1.73956203
0.00146053713	319.792389	1.65627706
0.00147557892	288.871674	1.57201207
0.0014906207100000002	264.218597	1.49985838
0.0015056625000000002	241.347931	1.43240047
0.00152070429	220.473755	1.36897945
0.00153574608	196.793533	1.29283714
0.00155078787	175.696823	1.22362125
0.00156582966	158.687653	1.16529441
0.00158087146	143.361206	1.10907185
0.00159591325	130.823807	1.06038308
0.00161095504	119.066635	1.0140034
0.0016259968300000001	109.442039	0.974069595
0.0016410386200000002	102.091125	0.942564845
0.0016560806	93.3444901	0.903439343
0.0016711223899999999	86.459137	0.869583845
0.0016861641800000001	81.6386108	0.845433831
0.00170120597	78.6323624	0.828420818
0.0017162477600000002	76.2324753	0.815248966
0.0017312895500000002	74.1014252	0.800210416
0.00174633134	72.78965	0.789598048
0.0017613731300000002	70.3477402	0.771133602
0.00177641492	69.6349945	0.766338766
0.00179145671	70.1227722	0.762458086
0.00180649851	70.4276733	0.756901622
0.0018215403000000003	70.4381409	0.75366348
0.00183658209	69.2813873	0.744401276
0.0018516238800000001	69.2604218	0.740476727
0.00186666567	68.752121	0.733923078
0.0018817074600000002	68.8291855	0.736804962
0.00189674925	68.4659119	0.741725326
0.0019117910400000002	67.1823807	0.739978135
0.00192683283	66.7336044	0.739213884
0.00195691641	64.2741979	0.419049912
0.00200204197	58.0577202	0.401365067
0.00204716735	50.729866	0.377682007
0.00209229272	44.3606885	0.346316584
0.0021374180900000004	36.8963127	0.315741871
0.00218254346	30.9218458	0.290893342
0.00222766884	26.6657613	0.27112927
0.00227279421	23.2873631	0.254553601
0.0023179197700000003	21.21197	0.242089534
0.00236304514	21.0001761	0.237040107
0.00240817051	21.2305368	0.233452744
0.00245329589	21.7363084	0.230737295
0.00249842126	23.5352459	0.233157789
0.0025435466300000003	23.6798318	0.229895799
0.002588672	24.0680872	0.227552634
0.00264883935	23.3980648	0.171343668
0.0027240483100000002	22.0711506	0.164102012
0.00279925726	19.4149631	0.157826664
0.00287446622	16.9544769	0.151214509
0.0029496751700000003	15.3548399	0.145837754
0.00302488431	14.3955831	0.141624528
0.00310009327	13.9672281	0.138755799
0.0031753022200000005	14.0692354	0.137710247
0.0032505113600000005	13.8147093	0.135469397
0.00332572013	12.9210886	0.130528758
0.0034009292700000002	11.8566986	0.121048435
0.0034761384100000002	10.1587137	0.111936813
0.0035513471800000004	8.3796402	0.103465657
0.0036265563200000004	6.95331116	0.0962508455
0.0037017650899999997	5.67226534	0.0896027396
0.00377697423	4.93206806	0.0853269249
0.00385218337	4.50578709	0.0819219629
0.00394243412	4.09480643	0.0666361584
0.0040477264700000005	3.90927775	0.0644709872
0.00415301919	3.52084494	0.0616054641
0.00425831191	3.27962518	0.0593486355
0.00436360426	3.12822127	0.057707517
0.00446889699	3.19110451	0.0565822327
0.00457418971	3.21387897	0.0554993163
0.00467948206	3.13382149	0.0540905619
0.004784774780000001	3.00763069	0.0526054442
0.0048900675	2.71113416	0.0507384011
0.0049953598500000005	2.34417728	0.0491663542
0.00510065258	2.21881853	0.0492919925
0.0052059453000000006	1.95135128	0.0482470833
0.00532627963	1.75546062	0.0417803161
0.00546165593	1.52748517	0.0405524339
0.005597031860000001	1.30155799	0.0387932438
0.005732408170000001	1.10979413	0.0366896959
0.005867784470000001	1.04254921	0.0355735863
0.006003160400000001	0.978041702	0.0346932002
0.00613853671	0.984970827	0.0341394714
0.0062739126400000005	0.969494925	0.0334486502
0.0064092889400000005	0.952909668	0.032781342
0.00655970722	0.972519815	0.0292200498
0.006725166740000001	0.989389843	0.0286844874
0.006890627000000001	0.993893938	0.0281930632
0.00705608651	1.00826459	0.0277557625
0.0072215460200000005	0.967705195	0.0272071543
0.00738700628	0.915956492	0.026681695
0.0075524658	0.853996277	0.0261006457
0.00771792531	0.813079357	0.0256394818
0.007898427550000002	0.735027643	0.0230574627
0.008093971010000001	0.689571193	0.0226093022
0.00828951374	0.63906218	0.022182043
0.0084850572	0.588433417	0.0217312565
0.00868060067	0.55571772	0.02131896
0.00887614414	0.512115556	0.0208915034
0.00907168761	0.480119675	0.0205523134
0.009282273050000001	0.460719798	0.0188215336
0.00950789973	0.429982718	0.0184811111
0.00973352715	0.38054175	0.0181286181
0.009959153830000001	0.352064455	0.0178190175
0.0101847805	0.324116673	0.0175583485
0.010410407900000002	0.304639719	0.0173103418
0.010651076600000002	0.29384075	0.0160128683
0.0109067872	0.263694291	0.0157216605
0.0111624978	0.249374003	0.0157442572
0.0114182085	0.234491989	0.0158921628
0.011673919100000001	0.230653972	0.0157600288
0.011944671	0.218675815	0.0144383884
0.0122304656	0.209337249	0.014150844
0.012516260100000003	0.205430559	0.0139276425
0.012802054	0.216301573	0.0137314257
0.0131028906	0.188185864	0.0128069743
0.013418768300000002	0.16081259	0.0128031664
0.013734646100000001	0.160524787	0.0130840944
0.0140505239	0.159538458	0.0134622665
0.014381443	0.155108765	0.0130721892
0.0147274047	0.159814424	0.0132102508
0.015073365	0.162272045	0.0133167581
0.0154193267	0.164838856	0.0134328643
0.0157803297	0.167630282	0.0129841539
0.016156375400000002	0.167767086	0.0130609602
0.0165324196	0.153253885	0.0131089784
0.0169084653	0.143635969	0.0131539609
0.017299552300000003	0.131460615	0.012682218
0.017705680400000003	0.123152312	0.0129941267
0.0181118086	0.116041543	0.0135386164
0.0185329795	0.110421568	0.0134856522
0.0189691916	0.104805	0.0138880707
0.019405403700000004	0.100825698	0.0144891447
0.0198566571	0.101653018	0.0156255453
0.0203229532	0.0864705414	0.0170690992
0.020789249200000002	0.0780034864	0.018596324
0.021270586600000002	0.0721747566	0.0195851226
0.021766966600000003	0.0732972064	0.0218943048
0.0222633451	0.0628265951	0.0245813941
0.0227747664	0.0587362025	0.0267562555
0.0233012304	0.052794125	0.0308471139
0.0238427341	0.0417872966	0.0356320718
0.024399280500000002	0.0437445848	0.0412973932
0.024970869700000002	0.0396026131	0.0489231086
0.025557500100000005	0.0483513717	0.0688539322
