q[nm-1]	I(q)[sr-1]_rebin(no_smoothing,TAPBacetic38ACNphcn90C_eiger2_12156_sub.dat_00001_[sub(TAPBacetic38ACNphcn90C_eiger2_12156_ave.h5_00001_[AN_3_30_29_RXN_90C]-TAPBacetic38ACNphcn90C_eiger2_11907_av_ave.h5_00001_[AN_3_30_29_PRM_90C])],1,0.0050)	error
0.000212067761	158449.438	266.421722
0.000227109576	140384.344	165.599655
0.00024215136700000002	128396.445	132.760025
0.000257193157	121615.602	115.257835
0.000272234972	113064.625	101.559303
0.00028727676300000003	106192.836	91.8776855
0.000302318553	98442.7891	83.3225327
0.00031736036800000003	91389.4453	76.2274246
0.00033240215900000005	84762.8516	69.7969589
0.000347443949	78404.3828	64.4838257
0.00036248576400000005	72971.6875	59.9540672
0.00037752755500000006	68123.0469	55.8442154
0.000392569369	63032.4375	51.978714
0.00040761116	57822.3398	48.1136322
0.000422652951	53246.2031	44.9283714
0.00043769474100000005	48844.2109	41.9470825
0.000452736579	44762.5039	39.1705132
0.00046777837000000006	40852.0352	36.5545235
0.000482820161	37316.9922	34.0905762
0.000497861952	34017.5664	31.8740158
0.0005129037420000001	30857.2324	29.6994324
0.0005279455330000001	28020.3672	27.6960659
0.000542987371	25378.6816	25.8685875
0.000558029162	22910.7324	24.1093426
0.0005730709530000001	20539.2266	22.4645004
0.0005881127440000001	18435.1074	20.9239483
0.000603154534	16537.5117	19.4802475
0.000618196372	14771.9111	17.9999409
0.000633238163	13287.3975	16.3831558
0.000648279954	11864.0938	15.0161228
0.0006633217450000001	10531.5029	13.8783417
0.000678363536	9336.68066	12.9132538
0.000693405326	8249.9248	12.0147295
0.0007084471640000001	7265.38916	11.1450272
0.0007234889550000001	6378.89844	10.3282375
0.000738530746	5625.75684	9.58913708
0.0007535725370000001	4909.3125	8.86716938
0.000768614328	4260.06641	8.18645859
0.0007836561650000001	3698.67041	7.55817699
0.000798697956	3209.71631	6.99525261
0.000813739747	2762.72974	6.43592024
0.0008287815380000001	2381.87866	5.92888594
0.000843823329	2047.94214	5.468431
0.0008588651200000001	1753.48279	5.0289712
0.0008739069100000001	1492.39844	4.61831331
0.0008889487010000001	1274.29675	4.24649382
0.0009039905850000001	1085.48169	3.90505958
0.0009190323760000001	920.129761	3.58729315
0.000934074167	786.211914	3.30985188
0.000949115958	672.820374	3.06015325
0.0009641577490000001	580.664307	2.83842301
0.00097919954	504.864227	2.64645267
0.000994241331	439.614319	2.46599388
0.0010092831199999999	389.871765	2.32225156
0.0010243249100000001	353.65033	2.21010375
0.0010393667000000001	328.623718	2.12192488
0.0010544084900000002	307.91684	2.04127097
0.00106945038	295.431458	1.98808444
0.00108449217	284.878296	1.93350482
0.00109953396	282.778961	1.91116738
0.00111457575	278.284973	1.87781346
0.00112961754	278.955353	1.86098647
0.0011446593300000001	280.850342	1.84610939
0.0011597011200000001	285.783081	1.84165323
0.0011747429100000002	288.500275	1.83159447
0.00118978471	293.319427	1.82799613
0.0012048265000000002	293.544861	1.81101549
0.0012198682900000002	298.768646	1.81231308
0.00123491017	297.937561	1.79161441
0.00124995196	296.843567	1.77470458
0.00126499375	289.924561	1.7403475
0.0012800355400000001	288.188354	1.72348583
0.00129507734	279.628784	1.68437898
0.0013101191300000001	274.42218	1.65946078
0.0013251609200000002	266.286621	1.62521267
0.0013402027100000002	256.547272	1.58480489
0.0013552445	243.208206	1.53772306
0.00137028629	235.191223	1.5043788
0.00138532808	226.753342	1.46975386
0.0014003699600000001	214.395233	1.42707384
0.00141541176	201.142609	1.37678659
0.0014304535500000001	186.277023	1.31973624
0.0014454953400000001	175.031418	1.2809813
0.00146053713	162.385757	1.23368883
0.00147557892	150.760574	1.18536723
0.0014906207100000002	143.134811	1.15305698
0.0015056625000000002	132.374222	1.1105845
0.00152070429	121.435776	1.06397545
0.00153574608	110.941284	1.01772308
0.00155078787	103.890587	0.988113523
0.00156582966	96.6971207	0.955113232
0.00158087146	89.9534149	0.92062217
0.00159591325	85.0349884	0.892407298
0.00161095504	81.6730652	0.872460783
0.0016259968300000001	79.812912	0.86330682
0.0016410386200000002	75.8283997	0.835598171
0.0016560806	75.377327	0.830336452
0.0016711223899999999	74.1733856	0.819269121
0.0016861641800000001	73.6248474	0.810108423
0.00170120597	74.8270645	0.811549485
0.0017162477600000002	75.9168091	0.810609579
0.0017312895500000002	76.2146912	0.802592993
0.00174633134	79.9026489	0.814947784
0.0017613731300000002	81.6724014	0.815627813
0.00177641492	83.4554443	0.817455947
0.00179145671	85.2271194	0.820092976
0.00180649851	86.0470581	0.816322267
0.0018215403000000003	89.7248993	0.826950669
0.00183658209	91.0911789	0.826409042
0.0018516238800000001	91.0171509	0.820067465
0.00186666567	93.4393539	0.828106761
0.0018817074600000002	94.4019699	0.833014727
0.00189674925	95.2747803	0.84402597
0.0019117910400000002	96.3409653	0.85242784
0.00192683283	96.5026855	0.854373693
0.00195691641	94.5011902	0.488576738
0.00200204197	90.962059	0.478969145
0.00204716735	84.6017024	0.461275163
0.00209229272	76.8820928	0.428369999
0.0021374180900000004	68.0158615	0.396975775
0.00218254346	59.0803808	0.368182253
0.00222766884	50.6289546	0.339864393
0.00227279421	43.0568924	0.314055435
0.0023179197700000003	38.0428174	0.294008228
0.00236304514	34.1133855	0.27832927
0.00240817051	30.6103134	0.262883307
0.00245329589	29.7870382	0.256249538
0.00249842126	28.5760994	0.24849243
0.0025435466300000003	27.8523114	0.242491666
0.002588672	27.2885329	0.237166603
0.00264883935	26.6215252	0.178702112
0.0027240483100000002	24.77029	0.170612148
0.00279925726	22.2310623	0.164922005
0.00287446622	19.1155884	0.156874804
0.0029496751700000003	15.9505873	0.147121452
0.00302488431	12.3052847	0.134677791
0.00310009327	10.370454	0.126633962
0.0031753022200000005	9.21245441	0.12129158
0.0032505113600000005	8.49933777	0.117242683
0.00332572013	8.03420372	0.113361795
0.0034009292700000002	7.56005878	0.106303707
0.0034761384100000002	7.14040442	0.101232666
0.0035513471800000004	6.55442171	0.096672704
0.0036265563200000004	6.01838551	0.0925095422
0.0037017650899999997	5.30993423	0.0880580068
0.00377697423	4.7694397	0.084506929
0.00385218337	4.46050081	0.0815172147
0.00394243412	4.29029764	0.0670347715
0.0040477264700000005	4.43387181	0.0658902777
0.00415301919	4.4402365	0.0644485137
0.00425831191	3.96444191	0.0614275813
0.00436360426	3.77841398	0.0596936006
0.00446889699	3.44538924	0.0571797677
0.00457418971	3.24755464	0.0554596465
0.00467948206	3.14991495	0.0540093311
0.004784774780000001	2.95062562	0.0521848664
0.0048900675	2.74479498	0.0506306791
0.0049953598500000005	2.46994407	0.0493990432
0.00510065258	2.11158531	0.0487589859
0.0052059453000000006	1.91575069	0.0480048015
0.00532627963	1.72043783	0.0414945248
0.00546165593	1.49621557	0.0402992809
0.005597031860000001	1.36504547	0.0388769708
0.005732408170000001	1.23013271	0.0369431663
0.005867784470000001	1.11146059	0.035636416
0.006003160400000001	1.0637375	0.0348361851
0.00613853671	0.96389185	0.0339038594
0.0062739126400000005	0.949910582	0.0332603678
0.0064092889400000005	0.93407823	0.0326330603
0.00655970722	0.94648778	0.0289938417
0.006725166740000001	0.956339652	0.0284701573
0.006890627000000001	0.985439821	0.0280492109
0.00705608651	0.977376027	0.0275517323
0.0072215460200000005	1.01310794	0.0272217409
0.00738700628	1.01085754	0.0268107705
0.0075524658	0.960369131	0.0262772188
0.00771792531	0.915165608	0.025784065
0.007898427550000002	0.818491844	0.0231597644
0.008093971010000001	0.739169203	0.0226370066
0.00828951374	0.64679409	0.0220969021
0.0084850572	0.602738688	0.0216598752
0.00868060067	0.554350853	0.0212271212
0.00887614414	0.51998798	0.0208233951
0.00907168761	0.515347238	0.0205312363
0.009282273050000001	0.462307695	0.0187420723
0.00950789973	0.424557022	0.0183907231
0.00973352715	0.411851859	0.018112278
0.009959153830000001	0.382225108	0.0177995722
0.0101847805	0.341940538	0.0175119976
0.010410407900000002	0.324480416	0.0172708555
0.010651076600000002	0.304094244	0.0159590733
0.0109067872	0.280706641	0.0156770617
0.0111624978	0.2577127	0.0156823474
0.0114182085	0.232396334	0.0158090582
0.011673919100000001	0.228980168	0.0156807826
0.011944671	0.216470349	0.0143630003
0.0122304656	0.205261794	0.0140782145
0.012516260100000003	0.208682912	0.0138636316
0.012802054	0.220056219	0.0136741018
0.0131028906	0.18228166	0.012739803
0.013418768300000002	0.17030586	0.0127584489
0.013734646100000001	0.17238641	0.0130419969
0.0140505239	0.169516876	0.0134138329
0.014381443	0.159713677	0.0130162554
0.0147274047	0.160870323	0.0131516078
0.015073365	0.165802864	0.0132564755
0.0154193267	0.172755447	0.0133807023
0.0157803297	0.172974302	0.0129325204
0.016156375400000002	0.174959783	0.0130113513
0.0165324196	0.163136715	0.0130650863
0.0169084653	0.149594216	0.0131007456
0.017299552300000003	0.14111263	0.0126355898
0.017705680400000003	0.128106627	0.0129376243
0.0181118086	0.127375971	0.013496668
0.0185329795	0.120723429	0.0134373625
0.0189691916	0.116432474	0.0138431805
0.019405403700000004	0.112214583	0.0144415968
0.0198566571	0.107843619	0.0155645109
0.0203229532	0.0947670436	0.0170053763
0.020789249200000002	0.0777943044	0.0185028918
0.021270586600000002	0.0809089065	0.0195143001
0.021766966600000003	0.0704218171	0.0217788777
0.0222633451	0.075087149	0.0245063627
0.0227747664	0.0691711216	0.0266556992
0.0233012304	0.0611901087	0.030722456
0.0238427341	0.0599392398	0.0355560095
0.024399280500000002	0.0457502203	0.0411047967
0.024970869700000002	0.0459385642	0.0487555802
0.025557500100000005	0.0318348131	0.0683742024
