q[nm-1]	I(q)[sr-1]_rebin(no_smoothing,TAPBacetic38ACNphcn90C_eiger2_12097_sub.dat_00001_[sub(TAPBacetic38ACNphcn90C_eiger2_12097_ave.h5_00001_[AN_3_30_29_RXN_90C]-TAPBacetic38ACNphcn90C_eiger2_11907_av_ave.h5_00001_[AN_3_30_29_PRM_90C])],1,0.0050)	error
0.000212067761	149592.781	259.217804
0.000227109576	136258.156	163.082672
0.00024215136700000002	127369.414	132.136368
0.000257193157	118976.375	113.737511
0.000272234972	111944.469	100.985741
0.00028727676300000003	104941.555	91.0507965
0.000302318553	97475.9766	82.6853943
0.00031736036800000003	91159.2734	75.9288712
0.00033240215900000005	85319.0781	69.8205948
0.000347443949	79523.6562	64.7582474
0.00036248576400000005	73857.3984	60.1424522
0.00037752755500000006	68516.1328	55.8275871
0.000392569369	63564.4609	52.0461655
0.00040761116	58664.2188	48.3085442
0.000422652951	54144.4648	45.155201
0.00043769474100000005	49903.4844	42.2788048
0.000452736579	45601.0547	39.3848076
0.00046777837000000006	41646.3984	36.7954445
0.000482820161	38122.0273	34.3457489
0.000497861952	34769.8945	32.1113586
0.0005129037420000001	31605.8848	29.9592514
0.0005279455330000001	28663.2871	27.9173794
0.000542987371	26017.6504	26.1198406
0.000558029162	23586.4473	24.3834572
0.0005730709530000001	21300.4512	22.8027878
0.0005881127440000001	19248.5879	21.3135891
0.000603154534	17384.0645	19.9052467
0.000618196372	15627.7715	18.4534473
0.000633238163	14050.7002	16.7740135
0.000648279954	12623.9814	15.4272156
0.0006633217450000001	11270.5166	14.3028603
0.000678363536	10056.6475	13.3543015
0.000693405326	8913.15039	12.4362354
0.0007084471640000001	7905.8125	11.5782347
0.0007234889550000001	6979.98584	10.7573528
0.000738530746	6164.56299	9.99403381
0.0007535725370000001	5393.84082	9.25140572
0.000768614328	4716.70605	8.57213974
0.0007836561650000001	4125.94043	7.93884563
0.000798697956	3615.17554	7.37986851
0.000813739747	3137.57446	6.81416798
0.0008287815380000001	2713.21045	6.28702307
0.000843823329	2338.02417	5.8038106
0.0008588651200000001	2011.53064	5.34568644
0.0008739069100000001	1725.23535	4.92198801
0.0008889487010000001	1480.09424	4.53438473
0.0009039905850000001	1259.34558	4.16572905
0.0009190323760000001	1073.75354	3.83875012
0.000934074167	914.446106	3.5277164
0.000949115958	781.311279	3.25547862
0.0009641577490000001	666.386902	3.00024843
0.00097919954	567.223999	2.76697564
0.000994241331	490.06012	2.57589412
0.0010092831199999999	422.03125	2.39248896
0.0010243249100000001	367.366333	2.23774624
0.0010393667000000001	328.175873	2.11239862
0.0010544084900000002	296.389313	2.00935864
0.00106945038	265.977051	1.90001333
0.00108449217	250.235992	1.83486819
0.00109953396	236.229218	1.77544522
0.00111457575	228.42627	1.73343277
0.00112961754	223.478882	1.69952905
0.0011446593300000001	223.080856	1.68414414
0.0011597011200000001	219.00502	1.64949274
0.0011747429100000002	221.528015	1.64474583
0.00118978471	222.958588	1.62792218
0.0012048265000000002	225.099045	1.62050486
0.0012198682900000002	225.321075	1.60665357
0.00123491017	221.866745	1.58017421
0.00124995196	225.083344	1.5756917
0.00126499375	225.77182	1.56225848
0.0012800355400000001	223.957962	1.54350221
0.00129507734	223.251343	1.52744555
0.0013101191300000001	221.023254	1.5097909
0.0013251609200000002	214.723724	1.4801991
0.0013402027100000002	208.409363	1.4460001
0.0013552445	204.341858	1.42877507
0.00137028629	194.852722	1.38466442
0.00138532808	187.773071	1.35422945
0.0014003699600000001	177.605713	1.31377864
0.00141541176	170.229767	1.28191316
0.0014304535500000001	160.663406	1.23999751
0.0014454953400000001	150.668396	1.2006197
0.00146053713	141.257874	1.1621722
0.00147557892	130.900497	1.11727214
0.0014906207100000002	123.272903	1.08350027
0.0015056625000000002	114.534592	1.04561305
0.00152070429	103.739944	0.996800423
0.00153574608	97.786026	0.96966517
0.00155078787	89.4086685	0.9290362
0.00156582966	83.1100922	0.899092674
0.00158087146	78.1477203	0.871382475
0.00159591325	73.0899353	0.842309117
0.00161095504	67.2702484	0.811965227
0.0016259968300000001	64.5371704	0.795314372
0.0016410386200000002	64.1528931	0.78717947
0.0016560806	61.7917709	0.770207047
0.0016711223899999999	60.2211304	0.757897615
0.0016861641800000001	58.5162354	0.744765282
0.00170120597	59.0641937	0.742322922
0.0017162477600000002	59.8139191	0.741746843
0.0017312895500000002	61.0894585	0.739181817
0.00174633134	63.5595856	0.746535003
0.0017613731300000002	63.5227737	0.739582956
0.00177641492	66.1988297	0.747607648
0.00179145671	67.3950119	0.744022548
0.00180649851	70.0933075	0.752119601
0.0018215403000000003	71.9748383	0.755415797
0.00183658209	73.132782	0.754126191
0.0018516238800000001	75.740303	0.762711048
0.00186666567	77.0103378	0.76427561
0.0018817074600000002	78.219902	0.771141589
0.00189674925	78.4133453	0.778154254
0.0019117910400000002	79.417038	0.785220981
0.00192683283	81.8368225	0.795921743
0.00195691641	81.7582627	0.458462249
0.00200204197	80.7819748	0.45457381
0.00204716735	75.9847615	0.439669424
0.00209229272	70.4094086	0.411635673
0.0021374180900000004	63.1652539	0.384521879
0.00218254346	56.0118383	0.359189161
0.00222766884	49.0793215	0.334572521
0.00227279421	42.8934911	0.312621627
0.0023179197700000003	38.0676562	0.292946521
0.00236304514	33.9573708	0.276733594
0.00240817051	30.9542338	0.26344177
0.00245329589	29.0478325	0.253051001
0.00249842126	28.6064669	0.247737628
0.0025435466300000003	27.0449638	0.239219915
0.002588672	27.2911523	0.236197368
0.00264883935	26.9692356	0.178974545
0.0027240483100000002	25.8370735	0.172299092
0.00279925726	23.8738121	0.168483697
0.00287446622	21.4036324	0.162471568
0.0029496751700000003	17.6652847	0.151609746
0.00302488431	14.4717901	0.141168165
0.00310009327	11.797851	0.130956832
0.0031753022200000005	10.0457073	0.123836489
0.0032505113600000005	8.59005432	0.117092575
0.00332572013	7.93866844	0.112587456
0.0034009292700000002	7.55705433	0.105845394
0.0034761384100000002	7.00505419	0.100307104
0.0035513471800000004	6.33591414	0.0955116686
0.0036265563200000004	5.61577644	0.0906023228
0.0037017650899999997	5.07927456	0.0869427907
0.00377697423	4.43008613	0.0826885995
0.00385218337	3.96583996	0.0791789332
0.00394243412	3.75091049	0.0650269342
0.0040477264700000005	3.55696607	0.0627108154
0.00415301919	3.39183603	0.0608000649
0.00425831191	3.32716121	0.0591275991
0.00436360426	3.17608019	0.0574142358
0.00446889699	3.01490515	0.0555050388
0.00457418971	2.85623291	0.0539245909
0.00467948206	2.76507779	0.0524798962
0.004784774780000001	2.62771334	0.0508710964
0.0048900675	2.46029087	0.0494746406
0.0049953598500000005	2.40290502	0.0489408457
0.00510065258	2.0292997	0.0482155902
0.0052059453000000006	1.88411847	0.0477108759
0.00532627963	1.7021093	0.0412274132
0.00546165593	1.50285995	0.0400854223
0.005597031860000001	1.43601211	0.0389260862
0.005732408170000001	1.27645004	0.0369520724
0.005867784470000001	1.1250839	0.0354973728
0.006003160400000001	1.04440953	0.034635681
0.00613853671	0.956937041	0.0337234795
0.0062739126400000005	0.886442648	0.0328971742
0.0064092889400000005	0.862636619	0.0322419748
0.00655970722	0.875877955	0.028645165
0.006725166740000001	0.8738539	0.0281108644
0.006890627000000001	0.916086121	0.0277068231
0.00705608651	0.933886528	0.0273053506
0.0072215460200000005	0.920655576	0.0268289914
0.00738700628	0.959988209	0.0265515945
0.0075524658	0.948213925	0.0261073481
0.00771792531	0.894394105	0.0256017426
0.007898427550000002	0.799273303	0.0229992335
0.008093971010000001	0.744388246	0.0225332992
0.00828951374	0.674628936	0.0220577947
0.0084850572	0.616758668	0.0215902982
0.00868060067	0.537227282	0.0210743662
0.00887614414	0.535996639	0.0207507312
0.00907168761	0.486344273	0.0203614797
0.009282273050000001	0.457514773	0.0186411518
0.00950789973	0.412330957	0.0182634847
0.00973352715	0.406871472	0.0180084307
0.009959153830000001	0.374319166	0.0176927787
0.0101847805	0.338998824	0.0174179627
0.010410407900000002	0.330469406	0.0171916175
0.010651076600000002	0.301265925	0.0158714188
0.0109067872	0.283774921	0.0156031541
0.0111624978	0.254218885	0.0155884389
0.0114182085	0.247716965	0.0157575238
0.011673919100000001	0.223026843	0.015585265
0.011944671	0.219194833	0.0142927394
0.0122304656	0.205282805	0.0140015799
0.012516260100000003	0.21335628	0.0137995136
0.012802054	0.219996536	0.0136000034
0.0131028906	0.187408046	0.012676313
0.013418768300000002	0.173103418	0.0126944174
0.013734646100000001	0.170331876	0.0129681277
0.0140505239	0.163571079	0.0133319908
0.014381443	0.163099803	0.0129518112
0.0147274047	0.16029276	0.013075797
0.015073365	0.169449388	0.0131920296
0.0154193267	0.172438258	0.0133096854
0.0157803297	0.179666498	0.0128735115
0.016156375400000002	0.176450808	0.0129412649
0.0165324196	0.163304219	0.0129931635
0.0169084653	0.157709097	0.0130413284
0.017299552300000003	0.145647096	0.0125760457
0.017705680400000003	0.132042396	0.0128768169
0.0181118086	0.128559713	0.013423875
0.0185329795	0.124588455	0.0133721976
0.0189691916	0.119405242	0.0137721825
0.019405403700000004	0.11312936	0.0143645094
0.0198566571	0.108188884	0.0154760125
0.0203229532	0.0903619926	0.016899476
0.020789249200000002	0.0884135522	0.0184296301
0.021270586600000002	0.0853338651	0.0194183041
0.021766966600000003	0.07112342	0.0216598594
0.0222633451	0.0779669253	0.0243780423
0.0227747664	0.0608501589	0.0264732796
0.0233012304	0.0527072831	0.0305267481
0.0238427341	0.0590360807	0.0353521995
0.024399280500000002	0.0667612192	0.0409899934
0.024970869700000002	0.0509661713	0.0485198268
0.025557500100000005	0.0478020359	0.0680756126
