q[nm-1]	I(q)[sr-1]_rebin(no_smoothing,TAPBacetic38ACNphcn90C_eiger2_12368_sub.dat_00001_[sub(TAPBacetic38ACNphcn90C_eiger2_12368_ave.h5_00001_[AN_3_30_29_RXN_90C]-TAPBacetic38ACNphcn90C_eiger2_11907_av_ave.h5_00001_[AN_3_30_29_PRM_90C])],1,0.0050)	error
0.000212067761	148967.625	260.861481
0.000227109576	131153.5	161.188904
0.00024215136700000002	119626.391	129.210602
0.000257193157	109746.438	110.279526
0.000272234972	101808.508	97.1968155
0.00028727676300000003	95048.2109	87.5250778
0.000302318553	88107.9844	79.379158
0.00031736036800000003	81547.8672	72.4242859
0.00033240215900000005	76146.5703	66.5745697
0.000347443949	70289.7578	61.4639626
0.00036248576400000005	64487.0664	56.717514
0.00037752755500000006	59313.7812	52.4353371
0.000392569369	54319.4141	48.5768051
0.00040761116	49861.7578	44.9795876
0.000422652951	45594.5117	41.8018684
0.00043769474100000005	41737.9609	39.038868
0.000452736579	37782.2852	36.1982307
0.00046777837000000006	34274.9961	33.7146606
0.000482820161	31115.5	31.3248901
0.000497861952	28230.7109	29.2229366
0.0005129037420000001	25508.9512	27.1954308
0.0005279455330000001	22932.7246	25.2320805
0.000542987371	20581.4473	23.4695015
0.000558029162	18483.168	21.8105297
0.0005730709530000001	16487.8223	20.2691364
0.0005881127440000001	14732.3711	18.8477955
0.000603154534	13053.0557	17.4330063
0.000618196372	11571.5439	16.061491
0.000633238163	10302.4141	14.5402985
0.000648279954	9132.36523	13.2779922
0.0006633217450000001	8058.93311	12.2494621
0.000678363536	7082.90186	11.3542852
0.000693405326	6231.88623	10.5391665
0.0007084471640000001	5458.76709	9.7552309
0.0007234889550000001	4767.00537	9.02243614
0.000738530746	4187.86279	8.35725594
0.0007535725370000001	3670.80859	7.75350189
0.000768614328	3197.0144	7.17962074
0.0007836561650000001	2795.23853	6.65228891
0.000798697956	2454.03442	6.18824959
0.000813739747	2152.62964	5.75186777
0.0008287815380000001	1894.53516	5.35270643
0.000843823329	1685.47351	5.02363396
0.0008588651200000001	1509.17688	4.71385193
0.0008739069100000001	1361.41577	4.44952202
0.0008889487010000001	1228.22937	4.19324398
0.0009039905850000001	1139.23206	4.01172018
0.0009190323760000001	1063.95251	3.8525331
0.000934074167	989.645691	3.67994618
0.000949115958	956.85675	3.59552956
0.0009641577490000001	919.916504	3.48795652
0.00097919954	893.278442	3.40874314
0.000994241331	880.889526	3.35620451
0.0010092831199999999	874.815186	3.31373882
0.0010243249100000001	872.715393	3.28442287
0.0010393667000000001	870.619263	3.24668241
0.0010544084900000002	872.371887	3.2206676
0.00106945038	875.57373	3.19661283
0.00108449217	879.659668	3.17482972
0.00109953396	877.788818	3.14788222
0.00111457575	878.320129	3.11802363
0.00112961754	882.895752	3.10196328
0.0011446593300000001	879.485291	3.06973886
0.0011597011200000001	874.957214	3.03643227
0.0011747429100000002	866.365662	3.00522423
0.00118978471	849.900452	2.95163202
0.0012048265000000002	836.05072	2.91047812
0.0012198682900000002	812.094482	2.84607482
0.00123491017	790.977905	2.79271555
0.00124995196	768.566345	2.73613143
0.00126499375	742.074707	2.66983008
0.0012800355400000001	707.584045	2.59263396
0.00129507734	677.923462	2.52370834
0.0013101191300000001	645.686096	2.44791794
0.0013251609200000002	607.337769	2.36499715
0.0013402027100000002	570.25824	2.27793765
0.0013552445	536.409302	2.20461297
0.00137028629	497.700165	2.11218882
0.00138532808	462.077637	2.02525663
0.0014003699600000001	424.674011	1.93767917
0.00141541176	390.966827	1.85573292
0.0014304535500000001	357.121399	1.76742983
0.0014454953400000001	324.554108	1.68082678
0.00146053713	296.241272	1.60204947
0.00147557892	269.051056	1.52525938
0.0014906207100000002	239.679138	1.43712997
0.0015056625000000002	217.758286	1.37271833
0.00152070429	194.30455	1.29825568
0.00153574608	172.869659	1.22614443
0.00155078787	155.529938	1.16677523
0.00156582966	138.781555	1.105232
0.00158087146	123.429451	1.04404438
0.00159591325	112.134491	0.998589039
0.00161095504	101.126633	0.95333606
0.0016259968300000001	91.0177155	0.907904506
0.0016410386200000002	84.1545258	0.874331713
0.0016560806	78.3112717	0.846749365
0.0016711223899999999	74.2275925	0.82365042
0.0016861641800000001	69.914032	0.79923141
0.00170120597	68.1802673	0.788493276
0.0017162477600000002	66.5793991	0.776161849
0.0017312895500000002	65.3979492	0.763651133
0.00174633134	64.0996017	0.754057467
0.0017613731300000002	63.60392	0.746735513
0.00177641492	63.8479233	0.741734028
0.00179145671	64.708374	0.741578877
0.00180649851	63.8587151	0.731647313
0.0018215403000000003	65.2437897	0.733251095
0.00183658209	65.5849075	0.73013097
0.0018516238800000001	64.6214981	0.722397804
0.00186666567	63.8868256	0.715578377
0.0018817074600000002	63.6724129	0.717324793
0.00189674925	63.364254	0.722812057
0.0019117910400000002	61.4238243	0.715099037
0.00192683283	61.1855392	0.715683818
0.00195691641	58.3152529	0.404638144
0.00200204197	52.3963509	0.386731858
0.00204716735	46.5684852	0.366810354
0.00209229272	39.4980812	0.333095374
0.0021374180900000004	34.6206449	0.30984069
0.00218254346	30.2290986	0.289131431
0.00222766884	28.4861145	0.278016579
0.00227279421	27.6523126	0.26986592
0.0023179197700000003	27.1890577	0.262626857
0.00236304514	28.9563599	0.263857851
0.00240817051	29.9295031	0.262258235
0.00245329589	31.3627001	0.262662511
0.00249842126	32.8809496	0.262559322
0.0025435466300000003	33.408788	0.260716755
0.002588672	33.4097849	0.256333545
0.00264883935	30.9967316	0.189963801
0.0027240483100000002	27.4373203	0.17784214
0.00279925726	22.937114	0.167515098
0.00287446622	19.1610458	0.157806995
0.0029496751700000003	15.8977099	0.147742559
0.00302488431	14.1047011	0.141068403
0.00310009327	12.7974321	0.135328949
0.0031753022200000005	12.0188501	0.131686216
0.0032505113600000005	11.3346493	0.127762424
0.00332572013	9.98409291	0.121104365
0.0034009292700000002	8.6549118	0.110699545
0.0034761384100000002	7.35945196	0.102548323
0.0035513471800000004	6.09779005	0.0956145065
0.0036265563200000004	5.4025341	0.090730581
0.0037017650899999997	4.92579861	0.0871229576
0.00377697423	4.79661617	0.0848853864
0.00385218337	4.85362997	0.0835025898
0.00394243412	4.791777	0.069120535
0.0040477264700000005	4.87584141	0.0677715869
0.00415301919	4.47495338	0.0650174998
0.00425831191	4.30088411	0.0629164192
0.00436360426	4.06728547	0.0610329997
0.00446889699	3.9059892	0.0590702741
0.00457418971	3.62702567	0.0570469676
0.00467948206	3.28845821	0.0547297604
0.004784774780000001	2.88313518	0.0523670387
0.0048900675	2.46017415	0.0500405888
0.0049953598500000005	2.10318363	0.0484715537
0.00510065258	1.76672195	0.0478099968
0.0052059453000000006	1.64993574	0.0473995213
0.00532627963	1.52032517	0.0411304195
0.00546165593	1.35394871	0.0400622638
0.005597031860000001	1.2850657	0.0389303229
0.005732408170000001	1.18565275	0.0370583439
0.005867784470000001	1.18927618	0.036197378
0.006003160400000001	1.14917117	0.0353598355
0.00613853671	1.07846684	0.034553148
0.0062739126400000005	1.05558864	0.0338758921
0.0064092889400000005	0.977218926	0.0329990232
0.00655970722	0.969300281	0.0292876082
0.006725166740000001	0.952692368	0.0286962036
0.006890627000000001	0.967040604	0.0282252386
0.00705608651	0.9440653	0.027708972
0.0072215460200000005	0.955903411	0.0272730146
0.00738700628	0.921264383	0.0267857411
0.0075524658	0.880770434	0.0262726677
0.00771792531	0.842071468	0.0258065252
0.007898427550000002	0.767757938	0.0232233052
0.008093971010000001	0.695892682	0.0227151999
0.00828951374	0.633463658	0.0222459906
0.0084850572	0.587051327	0.0217973789
0.00868060067	0.533400004	0.0213440959
0.00887614414	0.517766304	0.0209878924
0.00907168761	0.491346703	0.0206505025
0.009282273050000001	0.433784161	0.0188431937
0.00950789973	0.4150156	0.0185277063
0.00973352715	0.384346716	0.0182046907
0.009959153830000001	0.355512378	0.0178890854
0.0101847805	0.342362126	0.0176677667
0.010410407900000002	0.313704393	0.0174001894
0.010651076600000002	0.312585492	0.0161164942
0.0109067872	0.267745897	0.0157904371
0.0111624978	0.246752252	0.0157999633
0.0114182085	0.228815671	0.0159453619
0.011673919100000001	0.219190042	0.0157979883
0.011944671	0.214240478	0.0144869995
0.0122304656	0.205753603	0.0142040848
0.012516260100000003	0.194830507	0.0139661715
0.012802054	0.215434856	0.013786931
0.0131028906	0.180552616	0.0128466216
0.013418768300000002	0.171635088	0.0128740044
0.013734646100000001	0.168852646	0.0131555448
0.0140505239	0.163340557	0.0135245432
0.014381443	0.147930279	0.0131128854
0.0147274047	0.154380284	0.0132552151
0.015073365	0.157767727	0.0133636392
0.0154193267	0.163292392	0.0134852605
0.0157803297	0.169480545	0.013039453
0.016156375400000002	0.15880446	0.0130987614
0.0165324196	0.147097551	0.0131547884
0.0169084653	0.140517235	0.0132037467
0.017299552300000003	0.135818039	0.0127428257
0.017705680400000003	0.125375211	0.0130537009
0.0181118086	0.119633693	0.0136047239
0.0185329795	0.103158974	0.0135272582
0.0189691916	0.106155975	0.0139471468
0.019405403700000004	0.108368226	0.0145658709
0.0198566571	0.101585	0.0156888477
0.0203229532	0.0825095638	0.0171331197
0.020789249200000002	0.0756643818	0.018669472
0.021270586600000002	0.0805953017	0.0196925415
0.021766966600000003	0.0695926112	0.0219778668
0.0222633451	0.0614191653	0.0246815396
0.0227747664	0.0604911755	0.0268640861
0.0233012304	0.0546071195	0.0309889337
0.0238427341	0.0472001584	0.0358220058
0.024399280500000002	0.0404790188	0.0414505341
0.024970869700000002	0.0278951769	0.049071726
0.025557500100000005	0.0474334913	0.069137413
