q[nm-1]	I(q)[sr-1]_rebin(no_smoothing,TAPBacetic38ACNphcn90C_eiger2_12098_sub.dat_00001_[sub(TAPBacetic38ACNphcn90C_eiger2_12098_ave.h5_00001_[AN_3_30_29_RXN_90C]-TAPBacetic38ACNphcn90C_eiger2_11907_av_ave.h5_00001_[AN_3_30_29_PRM_90C])],1,0.0050)	error
0.000212067761	151589.328	260.417847
0.000227109576	138550.234	164.437988
0.00024215136700000002	128640.336	132.738815
0.000257193157	120182.242	114.194473
0.000272234972	113538.18	101.702057
0.00028727676300000003	106525.023	91.7533875
0.000302318553	99605.9922	83.6267548
0.00031736036800000003	93242.2578	76.7770691
0.00033240215900000005	86908.6328	70.4575119
0.000347443949	80626.0547	65.1862488
0.00036248576400000005	74789.3906	60.52351
0.00037752755500000006	69112.8203	56.0683594
0.000392569369	64122.9727	52.2865372
0.00040761116	59190.7188	48.5319138
0.000422652951	54611.3789	45.3610344
0.00043769474100000005	49853.1875	42.2375603
0.000452736579	45763.8242	39.4727707
0.00046777837000000006	41957.6406	36.931488
0.000482820161	38392.8906	34.4614372
0.000497861952	35137.8516	32.2969475
0.0005129037420000001	31876.7266	30.0894566
0.0005279455330000001	28937.75	28.054945
0.000542987371	26281.8203	26.2486534
0.000558029162	23784.1445	24.4812641
0.0005730709530000001	21438.0742	22.8767681
0.0005881127440000001	19379.0391	21.3883934
0.000603154534	17392.8145	19.9084816
0.000618196372	15598.5127	18.442873
0.000633238163	14072.1475	16.7967625
0.000648279954	12641.1816	15.4420576
0.0006633217450000001	11285.3203	14.3179684
0.000678363536	10067.4277	13.3641949
0.000693405326	8945.26758	12.4667234
0.0007084471640000001	7890.16797	11.5646105
0.0007234889550000001	6971.4209	10.750845
0.000738530746	6149.23682	9.98151684
0.0007535725370000001	5380.18799	9.23897457
0.000768614328	4721.92773	8.58438301
0.0007836561650000001	4108.24463	7.92870617
0.000798697956	3579.38574	7.34567785
0.000813739747	3110.93506	6.78881121
0.0008287815380000001	2701.88428	6.27465343
0.000843823329	2325.3479	5.78647709
0.0008588651200000001	1997.87952	5.32874203
0.0008739069100000001	1724.84705	4.9275794
0.0008889487010000001	1478.88452	4.53378868
0.0009039905850000001	1263.73975	4.17608118
0.0009190323760000001	1071.03418	3.83551455
0.000934074167	907.37384	3.5166173
0.000949115958	775.438354	3.24524307
0.0009641577490000001	665.939819	3.00503254
0.00097919954	564.665283	2.76502895
0.000994241331	484.229553	2.56122398
0.0010092831199999999	423.440033	2.39887643
0.0010243249100000001	367.525421	2.23535562
0.0010393667000000001	327.981598	2.11212993
0.0010544084900000002	295.819427	2.00520658
0.00106945038	273.790039	1.92360997
0.00108449217	253.171692	1.83924735
0.00109953396	243.998383	1.80287969
0.00111457575	233.433838	1.7475158
0.00112961754	232.52243	1.72843254
0.0011446593300000001	228.634659	1.69640291
0.0011597011200000001	228.95433	1.6786716
0.0011747429100000002	229.240112	1.66689742
0.00118978471	228.352905	1.64630961
0.0012048265000000002	233.806808	1.64704275
0.0012198682900000002	237.826538	1.64077389
0.00123491017	237.363968	1.6276691
0.00124995196	235.579895	1.60733747
0.00126499375	233.30542	1.58332455
0.0012800355400000001	232.260269	1.56558216
0.00129507734	233.365234	1.55807507
0.0013101191300000001	226.110565	1.52463984
0.0013251609200000002	217.68338	1.48747277
0.0013402027100000002	215.113434	1.4670434
0.0013552445	203.931717	1.42475855
0.00137028629	197.183914	1.39427459
0.00138532808	191.72908	1.36630762
0.0014003699600000001	181.021027	1.32360709
0.00141541176	171.553162	1.28603709
0.0014304535500000001	161.537125	1.24658322
0.0014454953400000001	151.205307	1.20306313
0.00146053713	142.818741	1.16599619
0.00147557892	133.129105	1.12587786
0.0014906207100000002	122.876495	1.08090699
0.0015056625000000002	116.061935	1.0524317
0.00152070429	107.659073	1.01281285
0.00153574608	99.5269775	0.975162566
0.00155078787	90.0247574	0.930286109
0.00156582966	83.5833664	0.899589181
0.00158087146	79.8878937	0.878959775
0.00159591325	75.8021698	0.853882313
0.00161095504	71.6924973	0.830884159
0.0016259968300000001	68.7434158	0.81414032
0.0016410386200000002	65.6759338	0.792141914
0.0016560806	63.4786377	0.777041256
0.0016711223899999999	63.0175095	0.768469095
0.0016861641800000001	64.0222473	0.768981636
0.00170120597	64.4327087	0.766026258
0.0017162477600000002	63.104599	0.753665924
0.0017312895500000002	64.2758179	0.752611876
0.00174633134	67.0502548	0.760100484
0.0017613731300000002	69.1154099	0.765585423
0.00177641492	68.7315674	0.755870044
0.00179145671	72.1399918	0.767295241
0.00180649851	72.8396759	0.76422888
0.0018215403000000003	74.1875763	0.762938082
0.00183658209	77.0653915	0.771994114
0.0018516238800000001	77.7662125	0.768731296
0.00186666567	81.8293076	0.782519698
0.0018817074600000002	82.3986969	0.784515738
0.00189674925	83.196228	0.796572387
0.0019117910400000002	83.405777	0.799810469
0.00192683283	84.7879944	0.806237936
0.00195691641	85.0271301	0.466004461
0.00200204197	83.2623672	0.460314492
0.00204716735	78.307284	0.445728957
0.00209229272	72.7071736	0.417117638
0.0021374180900000004	65.4460017	0.390116776
0.00218254346	58.1262767	0.364434701
0.00222766884	50.7530645	0.339245687
0.00227279421	43.8765373	0.315467491
0.0023179197700000003	38.9451726	0.295796177
0.00236304514	34.9252574	0.279511522
0.00240817051	31.6537819	0.265296116
0.00245329589	29.8544477	0.255454939
0.00249842126	28.6761564	0.24775373
0.0025435466300000003	28.5607923	0.24412518
0.002588672	28.2005787	0.238771459
0.00264883935	27.9456715	0.181192475
0.0027240483100000002	26.9891262	0.17526864
0.00279925726	24.2978287	0.169635519
0.00287446622	21.6996616	0.163256858
0.0029496751700000003	17.7406685	0.151710564
0.00302488431	14.6165678	0.141532567
0.00310009327	12.1160498	0.131998207
0.0031753022200000005	10.2184982	0.124216236
0.0032505113600000005	8.68091984	0.117413769
0.00332572013	8.29223614	0.114221968
0.0034009292700000002	7.69241066	0.106152553
0.0034761384100000002	7.12907343	0.100697115
0.0035513471800000004	6.58919172	0.0965134075
0.0036265563200000004	5.78086891	0.0912044666
0.0037017650899999997	5.17183685	0.0872911774
0.00377697423	4.66772623	0.0836127167
0.00385218337	3.97293281	0.0791859919
0.00394243412	3.8870557	0.0654907149
0.0040477264700000005	3.78399219	0.0635539182
0.00415301919	3.59925706	0.0615004171
0.00425831191	3.50459817	0.0596602239
0.00436360426	3.19787172	0.0574842955
0.00446889699	3.13753547	0.0558711989
0.00457418971	2.98723936	0.0543652689
0.00467948206	2.84137126	0.0527806468
0.004784774780000001	2.7886155	0.0514310267
0.0048900675	2.73192661	0.0504794803
0.0049953598500000005	2.47755013	0.0492780343
0.00510065258	2.12706838	0.0485203228
0.0052059453000000006	1.9785417	0.0479962976
0.00532627963	1.72625103	0.041369128
0.00546165593	1.59882422	0.0404300956
0.005597031860000001	1.41673552	0.0388661531
0.005732408170000001	1.28013204	0.0369298788
0.005867784470000001	1.13405977	0.0355280188
0.006003160400000001	1.02871025	0.0345585645
0.00613853671	0.926832927	0.0336305887
0.0062739126400000005	0.945093075	0.033078339
0.0064092889400000005	0.910180926	0.0323835446
0.00655970722	0.896813556	0.0287244206
0.006725166740000001	0.906448061	0.0282038834
0.006890627000000001	0.92433716	0.0277377641
0.00705608651	0.977615806	0.0274127742
0.0072215460200000005	0.981133792	0.0269990698
0.00738700628	0.987927334	0.0266485023
0.0075524658	0.949711106	0.026112426
0.00771792531	0.912763877	0.0256692153
0.007898427550000002	0.836256247	0.0230919567
0.008093971010000001	0.753466093	0.0225658126
0.00828951374	0.671915738	0.0220596602
0.0084850572	0.633595581	0.0216317828
0.00868060067	0.556587478	0.0211208637
0.00887614414	0.529685708	0.0207401231
0.00907168761	0.475280468	0.0203425612
0.009282273050000001	0.459077176	0.0186401616
0.00950789973	0.437525165	0.0183259417
0.00973352715	0.391979251	0.0179800221
0.009959153830000001	0.38154821	0.0177127955
0.0101847805	0.35060732	0.0174476427
0.010410407900000002	0.332767747	0.0172079635
0.010651076600000002	0.310633261	0.0158909223
0.0109067872	0.285770525	0.0156099023
0.0111624978	0.26505063	0.0156184315
0.0114182085	0.241061688	0.0157511169
0.011673919100000001	0.240415995	0.0156237015
0.011944671	0.224399098	0.0143078604
0.0122304656	0.216714883	0.0140295865
0.012516260100000003	0.210998633	0.013801912
0.012802054	0.225852818	0.0136147563
0.0131028906	0.186777674	0.0126803543
0.013418768300000002	0.17088169	0.0126951289
0.013734646100000001	0.167363004	0.0129681883
0.0140505239	0.164514265	0.0133409474
0.014381443	0.16448526	0.0129584051
0.0147274047	0.169078819	0.0130968774
0.015073365	0.173290647	0.0132056265
0.0154193267	0.184688558	0.0133340085
0.0157803297	0.186303174	0.0128881822
0.016156375400000002	0.176589814	0.0129457831
0.0165324196	0.171606994	0.0130124798
0.0169084653	0.15615521	0.0130436479
0.017299552300000003	0.145864978	0.0125811209
0.017705680400000003	0.136187908	0.0128883193
0.0181118086	0.126049734	0.0134261542
0.0185329795	0.123115526	0.0133745814
0.0189691916	0.110283382	0.0137616547
0.019405403700000004	0.113586841	0.0143695695
0.0198566571	0.0969539807	0.0154627372
0.0203229532	0.0951892991	0.0169201472
0.020789249200000002	0.0839101602	0.0184259572
0.021270586600000002	0.0793019728	0.0194146613
0.021766966600000003	0.0738054718	0.0216770394
0.0222633451	0.064138242	0.0243418729
0.0227747664	0.0676783279	0.0265104807
0.0233012304	0.0628792399	0.0305741107
0.0238427341	0.0453085265	0.0352984531
0.024399280500000002	0.0525324108	0.0409323189
0.024970869700000002	0.0468811875	0.0485199495
0.025557500100000005	0.0463273156	0.0681906751
