q[nm-1]	I(q)[sr-1]_rebin(no_smoothing,TAPBacetic38ACNphcn90C_eiger2_12149_sub.dat_00001_[sub(TAPBacetic38ACNphcn90C_eiger2_12149_ave.h5_00001_[AN_3_30_29_RXN_90C]-TAPBacetic38ACNphcn90C_eiger2_11907_av_ave.h5_00001_[AN_3_30_29_PRM_90C])],1,0.0050)	error
0.000212067761	160529.766	267.461975
0.000227109576	143755.219	167.324661
0.00024215136700000002	132531.062	134.822235
0.000257193157	122811.242	115.609329
0.000272234972	114686.82	102.339287
0.00028727676300000003	106563.273	91.8554077
0.000302318553	98974.6719	83.4681931
0.00031736036800000003	91832.2188	76.3138428
0.00033240215900000005	85521.5625	70.031456
0.000347443949	79583.9922	64.9253006
0.00036248576400000005	73787.2109	60.2254677
0.00037752755500000006	68201.2891	55.8264236
0.000392569369	62668.625	51.7677841
0.00040761116	57864.8711	48.0844002
0.000422652951	53165.8438	44.8240051
0.00043769474100000005	48928.9102	41.9498672
0.000452736579	44869.6758	39.1651878
0.00046777837000000006	40880.5781	36.5331612
0.000482820161	37219.6094	34.0125046
0.000497861952	33981.6562	31.8258991
0.0005129037420000001	30897.7246	29.691803
0.0005279455330000001	27990.6055	27.6487408
0.000542987371	25417.4766	25.871994
0.000558029162	22901.2207	24.0705643
0.0005730709530000001	20671.6426	22.5195484
0.0005881127440000001	18642.7969	21.0247555
0.000603154534	16670.3438	19.5296516
0.000618196372	14964.3574	18.1133728
0.000633238163	13426.6279	16.4429111
0.000648279954	11991.2275	15.0769711
0.0006633217450000001	10651.1455	13.9548826
0.000678363536	9446.05078	12.9773026
0.000693405326	8363.88672	12.0876856
0.0007084471640000001	7352.74219	11.1955395
0.0007234889550000001	6477.90625	10.3925867
0.000738530746	5689.48535	9.62497616
0.0007535725370000001	4983.89453	8.92412758
0.000768614328	4361.08594	8.27670383
0.0007836561650000001	3778.35693	7.62961245
0.000798697956	3275.94678	7.0576458
0.000813739747	2814.36597	6.48361969
0.0008287815380000001	2426.18921	5.97828007
0.000843823329	2087.89673	5.51562881
0.0008588651200000001	1787.27808	5.06902218
0.0008739069100000001	1528.06909	4.66398478
0.0008889487010000001	1309.38818	4.29604578
0.0009039905850000001	1109.66321	3.9401238
0.0009190323760000001	942.530762	3.62344408
0.000934074167	810.492004	3.35298443
0.000949115958	690.112854	3.08816552
0.0009641577490000001	594.079285	2.86388445
0.00097919954	511.351471	2.65754414
0.000994241331	442.763306	2.46961284
0.0010092831199999999	396.965637	2.33839345
0.0010243249100000001	355.489319	2.20997334
0.0010393667000000001	325.357086	2.11006284
0.0010544084900000002	300.69519	2.02118087
0.00106945038	283.991028	1.95437288
0.00108449217	276.443756	1.91129827
0.00109953396	274.987122	1.88991714
0.00111457575	272.414246	1.86039674
0.00112961754	268.012604	1.82670546
0.0011446593300000001	271.549622	1.82108331
0.0011597011200000001	276.102966	1.81654823
0.0011747429100000002	275.992889	1.79954243
0.00118978471	279.3638	1.78845489
0.0012048265000000002	283.394836	1.78449404
0.0012198682900000002	286.662842	1.77855539
0.00123491017	285.088989	1.75752294
0.00124995196	282.002991	1.73354852
0.00126499375	280.972198	1.71526396
0.0012800355400000001	279.971069	1.69957101
0.00129507734	273.270569	1.6684643
0.0013101191300000001	264.197205	1.62897551
0.0013251609200000002	257.72348	1.60264063
0.0013402027100000002	250.738449	1.5675633
0.0013552445	242.152725	1.53465831
0.00137028629	229.229492	1.48771024
0.00138532808	218.823547	1.44673097
0.0014003699600000001	208.796265	1.40804768
0.00141541176	194.643982	1.35691857
0.0014304535500000001	184.629852	1.31853557
0.0014454953400000001	175.032593	1.28002262
0.00146053713	159.083115	1.21856022
0.00147557892	150.038391	1.18556428
0.0014906207100000002	138.673294	1.13653505
0.0015056625000000002	127.968491	1.09353662
0.00152070429	119.628784	1.05595398
0.00153574608	110.821045	1.01738656
0.00155078787	102.78054	0.981582999
0.00156582966	96.6241226	0.951701462
0.00158087146	90.7499008	0.921756625
0.00159591325	85.68396	0.893477559
0.00161095504	80.8615875	0.869109452
0.0016259968300000001	77.3607788	0.850566447
0.0016410386200000002	74.7751617	0.831735194
0.0016560806	73.2584534	0.820302129
0.0016711223899999999	72.976387	0.811552465
0.0016861641800000001	74.4033279	0.813083231
0.00170120597	74.2859039	0.807454884
0.0017162477600000002	74.5820312	0.80347836
0.0017312895500000002	75.8230133	0.802658617
0.00174633134	77.2489624	0.805395603
0.0017613731300000002	77.4288101	0.798043311
0.00177641492	80.0912247	0.80556494
0.00179145671	81.8020859	0.804650962
0.00180649851	84.8024902	0.81180352
0.0018215403000000003	85.6196594	0.809262514
0.00183658209	88.78862	0.818723977
0.0018516238800000001	89.3944473	0.814769745
0.00186666567	90.1513062	0.81445992
0.0018817074600000002	92.2619171	0.826407075
0.00189674925	92.8631897	0.835615158
0.0019117910400000002	93.3301392	0.840539992
0.00192683283	93.6602707	0.842462897
0.00195691641	92.1577225	0.48237529
0.00200204197	90.25737	0.477253439
0.00204716735	83.9798635	0.459977981
0.00209229272	75.8873978	0.425181931
0.0021374180900000004	67.3608221	0.395240682
0.00218254346	59.2975744	0.368170695
0.00222766884	51.4963519	0.342243523
0.00227279421	43.7307358	0.315374714
0.0023179197700000003	38.4931183	0.295034514
0.00236304514	34.1633174	0.277788879
0.00240817051	31.1800207	0.264253409
0.00245329589	30.0665729	0.25687212
0.00249842126	27.8813044	0.245620679
0.0025435466300000003	28.1031799	0.243461745
0.002588672	27.2291126	0.236381915
0.00264883935	26.7824207	0.17888262
0.0027240483100000002	25.2825619	0.17163761
0.00279925726	22.3959812	0.165014256
0.00287446622	19.8226059	0.158750058
0.0029496751700000003	16.1858687	0.147513242
0.00302488431	12.9504053	0.136664028
0.00310009327	10.8322121	0.128012128
0.0031753022200000005	9.77706336	0.122973753
0.0032505113600000005	8.49329691	0.117212835
0.00332572013	8.1348711	0.11375882
0.0034009292700000002	7.59460201	0.106237873
0.0034761384100000002	7.19772234	0.101137562
0.0035513471800000004	6.72628145	0.0972392788
0.0036265563200000004	5.82993202	0.0915702735
0.0037017650899999997	5.3655921	0.0880900282
0.00377697423	4.68654766	0.0839020132
0.00385218337	4.50112944	0.0815093635
0.00394243412	4.35131107	0.0671850851
0.0040477264700000005	4.24072232	0.0651882325
0.00415301919	4.14837504	0.0634304187
0.00425831191	4.07032718	0.061742328
0.00436360426	3.64620532	0.0591199911
0.00446889699	3.5538812	0.0574576693
0.00457418971	3.23241554	0.0553326866
0.00467948206	3.09129981	0.0536917247
0.004784774780000001	2.9820684	0.0522274701
0.0048900675	2.81935814	0.0508506474
0.0049953598500000005	2.49307064	0.0493583269
0.00510065258	2.17784616	0.0488709864
0.0052059453000000006	1.99123156	0.0481878227
0.00532627963	1.69190745	0.0413409416
0.00546165593	1.51538988	0.0402639946
0.005597031860000001	1.32358676	0.0386634049
0.005732408170000001	1.23785688	0.0368842122
0.005867784470000001	1.13114321	0.0356590118
0.006003160400000001	1.03085489	0.034704243
0.00613853671	0.978223576	0.033930743
0.0062739126400000005	0.963995092	0.0332363048
0.0064092889400000005	0.939555473	0.0325724958
0.00655970722	0.9302001	0.0289041063
0.006725166740000001	0.929357724	0.0283488184
0.006890627000000001	0.971116997	0.0279624456
0.00705608651	0.986528553	0.0275352282
0.0072215460200000005	1.01857318	0.0271900297
0.00738700628	0.987986147	0.0267036534
0.0075524658	0.984323746	0.0262793857
0.00771792531	0.920630759	0.025759537
0.007898427550000002	0.827622955	0.0231360218
0.008093971010000001	0.756164445	0.0226413246
0.00828951374	0.665899501	0.0221051951
0.0084850572	0.606190411	0.0216323606
0.00868060067	0.563807267	0.0212127506
0.00887614414	0.532990414	0.020817385
0.00907168761	0.481345147	0.0204281256
0.009282273050000001	0.465100723	0.0187196438
0.00950789973	0.430089635	0.0183707183
0.00973352715	0.406114409	0.0180643059
0.009959153830000001	0.378599288	0.0177663586
0.0101847805	0.348079322	0.0175023375
0.010410407900000002	0.313458902	0.0172220885
0.010651076600000002	0.308341626	0.0159403019
0.0109067872	0.280318609	0.0156502463
0.0111624978	0.265783662	0.0156749836
0.0114182085	0.237902366	0.0157988394
0.011673919100000001	0.232377491	0.0156588399
0.011944671	0.218967263	0.0143473727
0.0122304656	0.209744919	0.0140613693
0.012516260100000003	0.206111711	0.0138415391
0.012802054	0.230499741	0.0136693624
0.0131028906	0.192149136	0.0127327622
0.013418768300000002	0.177250931	0.0127487146
0.013734646100000001	0.171879753	0.0130221774
0.0140505239	0.167773685	0.0133898838
0.014381443	0.161724004	0.0129991791
0.0147274047	0.156742086	0.0131212361
0.015073365	0.172873849	0.0132504351
0.0154193267	0.170350024	0.0133546963
0.0157803297	0.179830003	0.0129199066
0.016156375400000002	0.172224063	0.0129830231
0.0165324196	0.163141528	0.0130424906
0.0169084653	0.14956228	0.0130790914
0.017299552300000003	0.140732704	0.0126163995
0.017705680400000003	0.13383139	0.0129272391
0.0181118086	0.121153552	0.0134626616
0.0185329795	0.113612084	0.0134023461
0.0189691916	0.109171777	0.0138081133
0.019405403700000004	0.115286411	0.0144205382
0.0198566571	0.113751111	0.0155503677
0.0203229532	0.0892685792	0.0169646284
0.020789249200000002	0.0948222013	0.0185174806
0.021270586600000002	0.0762158411	0.0194710508
0.021766966600000003	0.0748509502	0.0217532936
0.0222633451	0.0681568454	0.0244412674
0.0227747664	0.0563108273	0.0265660303
0.0233012304	0.0536458084	0.0306439075
0.0238427341	0.0644249094	0.0355243842
0.024399280500000002	0.0592016107	0.041109203
0.024970869700000002	0.049169144	0.0487123129
0.025557500100000005	0.0287046254	0.0682461531
