q[nm-1]	I(q)[sr-1]_rebin(no_smoothing,TAPBacetic38ACNphcn90C_eiger2_12361_sub.dat_00001_[sub(TAPBacetic38ACNphcn90C_eiger2_12361_ave.h5_00001_[AN_3_30_29_RXN_90C]-TAPBacetic38ACNphcn90C_eiger2_11907_av_ave.h5_00001_[AN_3_30_29_PRM_90C])],1,0.0050)	error
0.000212067761	154286.516	264.929871
0.000227109576	131574.516	161.626236
0.00024215136700000002	118704.875	128.821564
0.000257193157	111026.508	110.925652
0.000272234972	103006.672	97.7463074
0.00028727676300000003	95947.1953	87.8951569
0.000302318553	89095.7812	79.7542496
0.00031736036800000003	82492.4609	72.8559799
0.00033240215900000005	76216.1172	66.596756
0.000347443949	70259.7891	61.4488678
0.00036248576400000005	64533.7305	56.7190361
0.00037752755500000006	59676.6641	52.5929832
0.000392569369	54854.4102	48.792614
0.00040761116	50222.625	45.1206818
0.000422652951	45641.8477	41.8276291
0.00043769474100000005	41438.6328	38.8862305
0.000452736579	37819.9727	36.2467575
0.00046777837000000006	34322.7305	33.742466
0.000482820161	31202.377	31.3864689
0.000497861952	28303.0625	29.2584057
0.0005129037420000001	25602.4414	27.2463665
0.0005279455330000001	22887.9414	25.1932373
0.000542987371	20528.4824	23.4396439
0.000558029162	18407.0488	21.7639103
0.0005730709530000001	16464.1094	20.2616119
0.0005881127440000001	14702.3359	18.82971
0.000603154534	13098.0791	17.4744987
0.000618196372	11575.7705	16.0626011
0.000633238163	10284.5967	14.5228529
0.000648279954	9157.83105	13.3020144
0.0006633217450000001	8090.56689	12.276082
0.000678363536	7092.70068	11.3562346
0.000693405326	6249.99121	10.5612001
0.0007084471640000001	5478.68164	9.76918602
0.0007234889550000001	4814.69092	9.06521416
0.000738530746	4215.18896	8.38749218
0.0007535725370000001	3672.34668	7.75097799
0.000768614328	3226.10669	7.20853376
0.0007836561650000001	2821.99536	6.68023443
0.000798697956	2473.93628	6.21319866
0.000813739747	2163.06177	5.76164865
0.0008287815380000001	1910.69104	5.3754673
0.000843823329	1702.52234	5.04646349
0.0008588651200000001	1513.81604	4.7182889
0.0008739069100000001	1359.14685	4.44537544
0.0008889487010000001	1238.59204	4.21533966
0.0009039905850000001	1145.43274	4.02326679
0.0009190323760000001	1069.25061	3.8581562
0.000934074167	1005.10834	3.71113133
0.000949115958	954.967224	3.58819127
0.0009641577490000001	923.222473	3.49293613
0.00097919954	905.847656	3.43514562
0.000994241331	880.126404	3.35341215
0.0010092831199999999	870.736938	3.30591774
0.0010243249100000001	872.935547	3.28480768
0.0010393667000000001	872.372314	3.24791098
0.0010544084900000002	877.858215	3.22962761
0.00106945038	883.385864	3.21005678
0.00108449217	885.092529	3.18339157
0.00109953396	886.703735	3.16305542
0.00111457575	885.678406	3.13145709
0.00112961754	884.402405	3.10496378
0.0011446593300000001	880.310303	3.0715549
0.0011597011200000001	877.966431	3.0448463
0.0011747429100000002	865.229065	3.00002456
0.00118978471	857.452026	2.96622896
0.0012048265000000002	837.81189	2.91528988
0.0012198682900000002	812.056274	2.84840322
0.00123491017	794.317444	2.8004241
0.00124995196	768.91449	2.73594069
0.00126499375	744.679199	2.67421651
0.0012800355400000001	716.713135	2.60979581
0.00129507734	681.180603	2.52674603
0.0013101191300000001	650.56665	2.45689797
0.0013251609200000002	616.270386	2.38039804
0.0013402027100000002	583.139832	2.30341101
0.0013552445	543.101562	2.21665215
0.00137028629	500.020782	2.11534595
0.00138532808	466.101501	2.03372502
0.0014003699600000001	432.720184	1.95426464
0.00141541176	398.667603	1.87145698
0.0014304535500000001	363.185638	1.78236735
0.0014454953400000001	326.927734	1.68335831
0.00146053713	301.830017	1.61651087
0.00147557892	272.012909	1.53358209
0.0014906207100000002	245.638794	1.45828688
0.0015056625000000002	216.764725	1.3683362
0.00152070429	197.163101	1.3068006
0.00153574608	177.152588	1.23942745
0.00155078787	158.000748	1.17439175
0.00156582966	141.705719	1.11579108
0.00158087146	125.901817	1.05380452
0.00159591325	113.508347	1.00258541
0.00161095504	103.092926	0.959833145
0.0016259968300000001	95.149826	0.92629528
0.0016410386200000002	85.8024902	0.879116297
0.0016560806	80.4239502	0.857399285
0.0016711223899999999	74.0206299	0.822403133
0.0016861641800000001	71.9893875	0.808370173
0.00170120597	68.7675247	0.789507687
0.0017162477600000002	66.0512695	0.774285376
0.0017312895500000002	66.0901642	0.767709374
0.00174633134	65.2166443	0.758053958
0.0017613731300000002	65.4610519	0.75504148
0.00177641492	63.2133789	0.738856852
0.00179145671	63.7293625	0.737166703
0.00180649851	63.3251915	0.729102314
0.0018215403000000003	63.6135597	0.72645843
0.00183658209	64.3123016	0.724513352
0.0018516238800000001	63.7979813	0.718854666
0.00186666567	63.3063583	0.713653862
0.0018817074600000002	64.2995148	0.720071614
0.00189674925	64.0688324	0.724989295
0.0019117910400000002	62.6609917	0.722061634
0.00192683283	59.7175064	0.707251132
0.00195691641	58.1618055	0.404541722
0.00200204197	53.5039533	0.389676192
0.00204716735	47.0051918	0.368256303
0.00209229272	40.4973055	0.336330438
0.0021374180900000004	35.4544131	0.31182199
0.00218254346	30.8761965	0.290994138
0.00222766884	27.9836553	0.276112001
0.00227279421	27.4131845	0.268689203
0.0023179197700000003	27.2422511	0.262886706
0.00236304514	28.7040837	0.263260714
0.00240817051	30.4019254	0.263920636
0.00245329589	31.471199	0.262477316
0.00249842126	32.2219563	0.260715735
0.0025435466300000003	33.1439985	0.259791679
0.002588672	33.0351117	0.255893704
0.00264883935	31.1934948	0.19023652
0.0027240483100000002	27.8170353	0.178767143
0.00279925726	23.8596516	0.16996763
0.00287446622	19.4268059	0.158484494
0.0029496751700000003	16.4500933	0.149462353
0.00302488431	14.1218325	0.141242813
0.00310009327	12.9531057	0.13599618
0.0031753022200000005	11.9571768	0.131302885
0.0032505113600000005	11.3009973	0.12778129
0.00332572013	10.2172674	0.121821803
0.0034009292700000002	9.00784454	0.111994887
0.0034761384100000002	7.40849037	0.102729055
0.0035513471800000004	6.3265563	0.0964541795
0.0036265563200000004	5.40196762	0.0907906792
0.0037017650899999997	4.94920235	0.0872200906
0.00377697423	4.91248274	0.0854071331
0.00385218337	4.90702162	0.0836806749
0.00394243412	4.68565185	0.0687888724
0.0040477264700000005	4.78890583	0.0673802419
0.00415301919	4.53256266	0.0652264652
0.00425831191	4.23343979	0.062757617
0.00436360426	4.09256336	0.0610830536
0.00446889699	3.9616845	0.0592408732
0.00457418971	3.62106616	0.0569789166
0.00467948206	3.38717883	0.0551251155
0.004784774780000001	2.9735059	0.0526635202
0.0048900675	2.51558927	0.0502429523
0.0049953598500000005	2.10893158	0.0485061036
0.00510065258	1.81661406	0.0480333945
0.0052059453000000006	1.67212348	0.0473813034
0.00532627963	1.50735729	0.0411058129
0.00546165593	1.41160113	0.0402830026
0.005597031860000001	1.29514803	0.0389052527
0.005732408170000001	1.16259311	0.0370080947
0.005867784470000001	1.26948959	0.0364297149
0.006003160400000001	1.17332112	0.0354869501
0.00613853671	1.08926392	0.03458679
0.0062739126400000005	1.05256182	0.03385682
0.0064092889400000005	0.970920854	0.0330066187
0.00655970722	0.976357542	0.0292955555
0.006725166740000001	0.971636545	0.0287558661
0.006890627000000001	0.943232677	0.0281559415
0.00705608651	0.959721002	0.0277450032
0.0072215460200000005	0.97752759	0.0273346259
0.00738700628	0.932273014	0.0268181279
0.0075524658	0.885783055	0.0262859441
0.00771792531	0.846444336	0.0258225979
0.007898427550000002	0.758068011	0.0231975987
0.008093971010000001	0.687452408	0.0226862488
0.00828951374	0.618200508	0.0222115084
0.0084850572	0.603416053	0.0218471055
0.00868060067	0.561691037	0.0214217191
0.00887614414	0.503998461	0.020960048
0.00907168761	0.474699394	0.0206145639
0.009282273050000001	0.459642531	0.0188989666
0.00950789973	0.40555354	0.0185098167
0.00973352715	0.397063832	0.0182368077
0.009959153830000001	0.362950859	0.0179153468
0.0101847805	0.33949977	0.0176624414
0.010410407900000002	0.323332876	0.017424472
0.010651076600000002	0.286536666	0.016069195
0.0109067872	0.263302006	0.0157808206
0.0111624978	0.258107906	0.0158238596
0.0114182085	0.235450078	0.0159582993
0.011673919100000001	0.229646898	0.0158202287
0.011944671	0.213571094	0.0144861577
0.0122304656	0.209537497	0.014210259
0.012516260100000003	0.21040349	0.0139945327
0.012802054	0.21717162	0.0137917362
0.0131028906	0.178562648	0.0128444185
0.013418768300000002	0.160385101	0.0128548455
0.013734646100000001	0.154008756	0.0131276048
0.0140505239	0.159659986	0.0135197667
0.014381443	0.162987676	0.0131399688
0.0147274047	0.166286535	0.0132757669
0.015073365	0.168099491	0.013381884
0.0154193267	0.171513877	0.0135005083
0.0157803297	0.169826812	0.0130436581
0.016156375400000002	0.163249281	0.0131071769
0.0165324196	0.156539941	0.0131716373
0.0169084653	0.150930258	0.0132225257
0.017299552300000003	0.131690704	0.0127362296
0.017705680400000003	0.118382161	0.0130385607
0.0181118086	0.118195469	0.0136013371
0.0185329795	0.110509461	0.0135413015
0.0189691916	0.11205541	0.0139585177
0.019405403700000004	0.101724568	0.0145512147
0.0198566571	0.105714391	0.0156997951
0.0203229532	0.0869483758	0.0171450275
0.020789249200000002	0.0806525244	0.0186824322
0.021270586600000002	0.068002732	0.019661527
0.021766966600000003	0.0716121379	0.0219837991
0.0222633451	0.0632851993	0.024690167
0.0227747664	0.0586977114	0.0268560877
0.0233012304	0.0473867745	0.030952482
0.0238427341	0.0629394782	0.0358810765
0.024399280500000002	0.0483618047	0.0415032194
0.024970869700000002	0.0414439575	0.0491612486
0.025557500100000005	0.059634468	0.069329693
