q[nm-1]	I(q)[sr-1]_rebin(no_smoothing,TAPBacetic38ACNphcn90C_eiger2_12229_sub.dat_00001_[sub(TAPBacetic38ACNphcn90C_eiger2_12229_ave.h5_00001_[AN_3_30_29_RXN_90C]-TAPBacetic38ACNphcn90C_eiger2_11907_av_ave.h5_00001_[AN_3_30_29_PRM_90C])],1,0.0050)	error
0.000212067761	152290.891	262.06781
0.000227109576	134376.188	162.616898
0.00024215136700000002	121616.961	129.80246
0.000257193157	112905.125	111.408318
0.000272234972	105236.328	98.4528427
0.00028727676300000003	97547.3438	88.2254791
0.000302318553	91439.8438	80.5467758
0.00031736036800000003	85209.8359	73.7753906
0.00033240215900000005	78590.2266	67.2859421
0.000347443949	72832.8594	62.3045883
0.00036248576400000005	67003.8984	57.5609207
0.00037752755500000006	61831.7383	53.2980499
0.000392569369	56990.6602	49.5227432
0.00040761116	52274.832	45.8490715
0.000422652951	47789.8594	42.6401672
0.00043769474100000005	43698.5859	39.7566528
0.000452736579	39783.2266	36.9812126
0.00046777837000000006	36237.4805	34.4949036
0.000482820161	33040.0352	32.1492653
0.000497861952	29869.9863	29.9188461
0.0005129037420000001	27048.8418	27.8741112
0.0005279455330000001	24315.6602	25.8542175
0.000542987371	21940.791	24.1283035
0.000558029162	19626.9883	22.3680935
0.0005730709530000001	17522.8906	20.8054485
0.0005881127440000001	15659.333	19.335537
0.000603154534	13926.1406	17.9244289
0.000618196372	12361.1885	16.5252514
0.000633238163	11004.3115	14.9536037
0.000648279954	9768.67285	13.6715517
0.0006633217450000001	8621.12207	12.6090231
0.000678363536	7571.55664	11.680603
0.000693405326	6609.60352	10.8028288
0.0007084471640000001	5786.41211	9.99474239
0.0007234889550000001	5035.54053	9.22676563
0.000738530746	4355.37988	8.48454857
0.0007535725370000001	3769.77686	7.82075357
0.000768614328	3243.90918	7.19668245
0.0007836561650000001	2782.87085	6.61260509
0.000798697956	2389.35718	6.0890789
0.000813739747	2036.83911	5.5825839
0.0008287815380000001	1735.92615	5.12056923
0.000843823329	1482.86389	4.71744871
0.0008588651200000001	1264.9104	4.33114529
0.0008739069100000001	1088.37463	4.00285673
0.0008889487010000001	938.062195	3.70597386
0.0009039905850000001	813.450195	3.43983412
0.0009190323760000001	719.463074	3.22652245
0.000934074167	632.545898	3.01377225
0.000949115958	570.104004	2.85545278
0.0009641577490000001	526.20459	2.72435021
0.00097919954	487.864471	2.60780096
0.000994241331	466.980652	2.53534079
0.0010092831199999999	453.5961	2.47242975
0.0010243249100000001	450.298279	2.44456196
0.0010393667000000001	446.033112	2.40585136
0.0010544084900000002	449.401947	2.38981438
0.00106945038	455.665344	2.38006473
0.00108449217	466.173676	2.38013315
0.00109953396	471.793488	2.36931038
0.00111457575	486.316742	2.37970066
0.00112961754	500.479462	2.38745761
0.0011446593300000001	508.735291	2.38129759
0.0011597011200000001	518.158447	2.38263297
0.0011747429100000002	522.079285	2.3731792
0.00118978471	526.620605	2.36029196
0.0012048265000000002	528.441711	2.34708643
0.0012198682900000002	525.984375	2.32271314
0.00123491017	521.408142	2.29791713
0.00124995196	512.398193	2.26075315
0.00126499375	500.128021	2.21468163
0.0012800355400000001	487.92688	2.1761117
0.00129507734	475.932831	2.13634586
0.0013101191300000001	461.902283	2.08953118
0.0013251609200000002	444.929504	2.04267716
0.0013402027100000002	423.049896	1.97777343
0.0013552445	401.650574	1.92064595
0.00137028629	380.802155	1.86380696
0.00138532808	357.045074	1.79420328
0.0014003699600000001	335.948792	1.73629951
0.00141541176	313.072052	1.67055464
0.0014304535500000001	293.169403	1.61059237
0.0014454953400000001	273.578278	1.55168211
0.00146053713	250.863846	1.48314524
0.00147557892	231.870422	1.42572844
0.0014906207100000002	212.130585	1.35880482
0.0015056625000000002	196.047165	1.308254
0.00152070429	177.36734	1.24219763
0.00153574608	164.062729	1.19452536
0.00155078787	151.088638	1.14810562
0.00156582966	138.633453	1.1008749
0.00158087146	128.883118	1.06077611
0.00159591325	120.966858	1.02628171
0.00161095504	113.745316	0.995399117
0.0016259968300000001	107.53643	0.96579349
0.0016410386200000002	103.973999	0.94552356
0.0016560806	99.6618195	0.924612224
0.0016711223899999999	97.4384384	0.910339594
0.0016861641800000001	93.689949	0.889307141
0.00170120597	92.6508331	0.882309496
0.0017162477600000002	92.5509415	0.875088871
0.0017312895500000002	92.6621246	0.867881
0.00174633134	94.7298813	0.873395622
0.0017613731300000002	95.5123444	0.869083285
0.00177641492	96.7967148	0.868155777
0.00179145671	97.86763	0.868377924
0.00180649851	97.7328949	0.8614375
0.0018215403000000003	99.2569275	0.860824525
0.00183658209	101.360504	0.865646064
0.0018516238800000001	101.600494	0.861525655
0.00186666567	102.119881	0.858587086
0.0018817074600000002	102.422104	0.862639785
0.00189674925	101.943146	0.869489193
0.0019117910400000002	100.367264	0.865761936
0.00192683283	102.060608	0.875258029
0.00195691641	98.9449539	0.498739074
0.00200204197	90.7011744	0.479073772
0.00204716735	82.1560567	0.456352751
0.00209229272	71.7827174	0.416332998
0.0021374180900000004	60.6750196	0.379787735
0.00218254346	50.225839	0.345428704
0.00222766884	40.7280197	0.313856131
0.00227279421	32.6339137	0.283888018
0.0023179197700000003	26.8472239	0.260651799
0.00236304514	23.1701857	0.243784525
0.00240817051	20.2800153	0.229829437
0.00245329589	18.5978508	0.219382295
0.00249842126	17.4164556	0.211583666
0.0025435466300000003	17.4648819	0.208000354
0.002588672	16.7443136	0.201869511
0.00264883935	16.1131077	0.151479694
0.0027240483100000002	15.1007198	0.145034555
0.00279925726	12.9707373	0.139066989
0.00287446622	11.7609743	0.135190309
0.0029496751700000003	10.4566883	0.130070249
0.00302488431	9.57745895	0.12575073
0.00310009327	9.8998827	0.125070113
0.0031753022200000005	10.2090956	0.124864986
0.0032505113600000005	10.2378485	0.123473558
0.00332572013	10.6375381	0.122883952
0.0034009292700000002	10.3305828	0.116042724
0.0034761384100000002	9.43908118	0.109315527
0.0035513471800000004	8.47609425	0.103395773
0.0036265563200000004	7.76521969	0.0987406584
0.0037017650899999997	6.85908995	0.0937966179
0.00377697423	6.20094032	0.0896991065
0.00385218337	5.93783989	0.086980924
0.00394243412	5.62208503	0.0713549699
0.0040477264700000005	5.22403594	0.0684680152
0.00415301919	4.49266924	0.0646923483
0.00425831191	3.90117625	0.061299135
0.00436360426	3.16793942	0.0576984147
0.00446889699	2.74583813	0.0549174254
0.00457418971	2.44228216	0.0528194551
0.00467948206	2.34939718	0.0513276529
0.004784774780000001	2.08514667	0.0493597992
0.0048900675	1.91120737	0.0478312004
0.0049953598500000005	1.75499802	0.0469004403
0.00510065258	1.5958076	0.0469347088
0.0052059453000000006	1.55416838	0.0467733065
0.00532627963	1.54029633	0.0409573986
0.00546165593	1.48822415	0.0403306585
0.005597031860000001	1.35659469	0.0388582898
0.005732408170000001	1.28705908	0.0371609456
0.005867784470000001	1.23969842	0.0361423793
0.006003160400000001	1.15260151	0.035200509
0.00613853671	1.05972221	0.034268655
0.0062739126400000005	1.02880195	0.0335614114
0.0064092889400000005	0.936161346	0.0326866671
0.00655970722	0.885264765	0.0288759318
0.006725166740000001	0.871535702	0.0282914589
0.006890627000000001	0.91718626	0.0279169258
0.00705608651	0.897411346	0.0273908335
0.0072215460200000005	0.908478314	0.0269694385
0.00738700628	0.902353932	0.0265667331
0.0075524658	0.839453415	0.0259862165
0.00771792531	0.835953214	0.02562736
0.007898427550000002	0.76030745	0.0230589629
0.008093971010000001	0.716407615	0.0226156692
0.00828951374	0.634690876	0.0221049959
0.0084850572	0.585913259	0.0216513663
0.00868060067	0.53288518	0.0212003042
0.00887614414	0.508273865	0.0208327511
0.00907168761	0.471102221	0.0204658316
0.009282273050000001	0.430348875	0.0187129422
0.00950789973	0.418662759	0.018412603
0.00973352715	0.387692897	0.0180930951
0.009959153830000001	0.365376324	0.0177972059
0.0101847805	0.340028497	0.017543532
0.010410407900000002	0.306896702	0.0172698709
0.010651076600000002	0.291526388	0.01596278
0.0109067872	0.270995826	0.0156920039
0.0111624978	0.247879347	0.0156988963
0.0114182085	0.244792635	0.0158676745
0.011673919100000001	0.228837397	0.0157098457
0.011944671	0.209832423	0.0143796799
0.0122304656	0.213339371	0.0141151995
0.012516260100000003	0.203966286	0.0138847757
0.012802054	0.227757742	0.0137147256
0.0131028906	0.187540111	0.0127687566
0.013418768300000002	0.174301929	0.0127893654
0.013734646100000001	0.168451849	0.0130618166
0.0140505239	0.156878796	0.0134219375
0.014381443	0.158486894	0.0130376741
0.0147274047	0.161168031	0.0131762011
0.015073365	0.170013343	0.013291032
0.0154193267	0.175130711	0.0134119002
0.0157803297	0.180247402	0.0129671469
0.016156375400000002	0.173581571	0.0130339466
0.0165324196	0.15950272	0.0130830905
0.0169084653	0.140996059	0.0131094291
0.017299552300000003	0.129497416	0.0126424912
0.017705680400000003	0.12419007	0.0129587343
0.0181118086	0.120426952	0.0135105027
0.0185329795	0.114800973	0.0134552408
0.0189691916	0.110535072	0.0138579396
0.019405403700000004	0.109053499	0.0144634786
0.0198566571	0.0999041498	0.0155780832
0.0203229532	0.0881812447	0.0170231759
0.020789249200000002	0.0765807122	0.018538875
0.021270586600000002	0.0814736929	0.019554688
0.021766966600000003	0.0690339961	0.0218197439
0.0222633451	0.0626640927	0.0245089279
0.0227747664	0.0599041554	0.0266745545
0.0233012304	0.0435562069	0.030708513
0.0238427341	0.0500798629	0.0355706097
0.024399280500000002	0.0535700406	0.041218943
0.024970869700000002	0.0389727991	0.0487940434
0.025557500100000005	0.0359917679	0.068525957
