q[nm-1]	I(q)[sr-1]_rebin(no_smoothing,TAPBacetic38ACNphcn90C_eiger2_12392_sub.dat_00001_[sub(TAPBacetic38ACNphcn90C_eiger2_12392_ave.h5_00001_[AN_3_30_29_RXN_90C]-TAPBacetic38ACNphcn90C_eiger2_11907_av_ave.h5_00001_[AN_3_30_29_PRM_90C])],1,0.0050)	error
0.000212067761	153833.891	264.629822
0.000227109576	132806.484	162.256958
0.00024215136700000002	120476.555	129.741013
0.000257193157	111865.539	111.391769
0.000272234972	104511.195	98.5813141
0.00028727676300000003	97187.875	88.5235672
0.000302318553	89256.9375	79.8425598
0.00031736036800000003	82386.8438	72.8212585
0.00033240215900000005	76233.7891	66.6087646
0.000347443949	70450.7891	61.5561104
0.00036248576400000005	65020.5586	56.9928627
0.00037752755500000006	60091.9492	52.7900429
0.000392569369	55183.2578	48.9290543
0.00040761116	50575.7188	45.3173943
0.000422652951	46222.2148	42.1356277
0.00043769474100000005	42120.4258	39.2202682
0.000452736579	38285.1211	36.4666061
0.00046777837000000006	34757.0586	33.9644051
0.000482820161	31397.5117	31.477169
0.000497861952	28417.3965	29.3258648
0.0005129037420000001	25623.7266	27.2529736
0.0005279455330000001	23050.7637	25.3071499
0.000542987371	20711.1074	23.5626354
0.000558029162	18508.332	21.8295822
0.0005730709530000001	16541.1719	20.3173885
0.0005881127440000001	14757.3438	18.8714828
0.000603154534	13146.0439	17.5102863
0.000618196372	11720.1553	16.1731052
0.000633238163	10404.5869	14.6123085
0.000648279954	9179.83105	13.3219662
0.0006633217450000001	8088.38037	12.2813272
0.000678363536	7124.31934	11.3910761
0.000693405326	6270.47217	10.5751104
0.0007084471640000001	5491.30469	9.78137398
0.0007234889550000001	4811.1123	9.06311131
0.000738530746	4211.70215	8.39195061
0.0007535725370000001	3655.79712	7.73430395
0.000768614328	3226.71777	7.21509838
0.0007836561650000001	2814.6875	6.6767993
0.000798697956	2468.99219	6.21179247
0.000813739747	2161.02759	5.7633481
0.0008287815380000001	1904.42395	5.36670446
0.000843823329	1691.86096	5.03599787
0.0008588651200000001	1503.72217	4.70771933
0.0008739069100000001	1364.12854	4.45568371
0.0008889487010000001	1237.24121	4.21348143
0.0009039905850000001	1138.23877	4.01220226
0.0009190323760000001	1072.6427	3.8685143
0.000934074167	1010.30768	3.72112393
0.000949115958	956.676453	3.59534359
0.0009641577490000001	923.370178	3.49906659
0.00097919954	902.50061	3.42937255
0.000994241331	888.961304	3.3733201
0.0010092831199999999	878.410156	3.31941247
0.0010243249100000001	878.589661	3.29218078
0.0010393667000000001	881.20166	3.26552129
0.0010544084900000002	876.296448	3.2275157
0.00106945038	884.860596	3.21461821
0.00108449217	889.469177	3.19265294
0.00109953396	885.304565	3.1585803
0.00111457575	888.576721	3.13746762
0.00112961754	885.236328	3.10847044
0.0011446593300000001	875.756653	3.06588984
0.0011597011200000001	870.631042	3.03290796
0.0011747429100000002	856.52179	2.9900105
0.00118978471	844.857727	2.94634724
0.0012048265000000002	829.288635	2.89973831
0.0012198682900000002	805.967896	2.84043264
0.00123491017	780.280579	2.77609134
0.00124995196	757.576355	2.72037292
0.00126499375	729.063477	2.64812827
0.0012800355400000001	701.893982	2.58510303
0.00129507734	671.541199	2.51314044
0.0013101191300000001	638.505066	2.43794465
0.0013251609200000002	597.871216	2.3483665
0.0013402027100000002	564.294678	2.26876593
0.0013552445	525.45343	2.18329406
0.00137028629	486.992767	2.09255648
0.00138532808	455.32785	2.0147984
0.0014003699600000001	415.876587	1.91976178
0.00141541176	383.054565	1.8383534
0.0014304535500000001	350.817993	1.75344574
0.0014454953400000001	319.257446	1.66961551
0.00146053713	287.635559	1.5814023
0.00147557892	259.581604	1.50404537
0.0014906207100000002	231.751526	1.41740823
0.0015056625000000002	210.58783	1.35398924
0.00152070429	187.676514	1.27869201
0.00153574608	168.968933	1.21704149
0.00155078787	148.853897	1.14470923
0.00156582966	133.314575	1.08890307
0.00158087146	119.796013	1.03518331
0.00159591325	108.307526	0.985667884
0.00161095504	98.626358	0.945186794
0.0016259968300000001	89.8790131	0.904614806
0.0016410386200000002	83.530304	0.873000324
0.0016560806	77.7435226	0.844824135
0.0016711223899999999	73.1038513	0.817323565
0.0016861641800000001	70.4906464	0.803311646
0.00170120597	67.1127853	0.783284485
0.0017162477600000002	66.435257	0.776333153
0.0017312895500000002	65.2529602	0.764173269
0.00174633134	65.0943604	0.758372426
0.0017613731300000002	65.1872482	0.753037333
0.00177641492	64.6143417	0.74667573
0.00179145671	64.7747421	0.741356015
0.00180649851	66.3164825	0.74309808
0.0018215403000000003	66.0320892	0.735314488
0.00183658209	66.6237793	0.735214293
0.0018516238800000001	65.5128632	0.726815641
0.00186666567	64.2418976	0.716214538
0.0018817074600000002	65.2089844	0.724342406
0.00189674925	63.8498573	0.724272013
0.0019117910400000002	63.8358421	0.728071988
0.00192683283	61.6715469	0.716742516
0.00195691641	59.0435778	0.407223327
0.00200204197	52.8219312	0.388075958
0.00204716735	47.3964411	0.369464589
0.00209229272	40.1399244	0.334679954
0.0021374180900000004	34.7356491	0.310156542
0.00218254346	30.6700408	0.290809016
0.00222766884	28.2085469	0.277357475
0.00227279421	27.7734407	0.270297457
0.0023179197700000003	27.8704401	0.264946562
0.00236304514	29.845993	0.266569152
0.00240817051	30.5195516	0.264075279
0.00245329589	31.958252	0.264238384
0.00249842126	33.3049049	0.26414878
0.0025435466300000003	33.4964701	0.260433657
0.002588672	33.2754593	0.256507786
0.00264883935	31.0322754	0.190314319
0.0027240483100000002	27.8171616	0.178978928
0.00279925726	23.3054978	0.168631929
0.00287446622	18.9485466	0.157177238
0.0029496751700000003	15.9430483	0.148025785
0.00302488431	13.6425314	0.139972385
0.00310009327	12.6962389	0.135084448
0.0031753022200000005	11.709656	0.130651401
0.0032505113600000005	10.8723829	0.126440568
0.00332572013	9.6679884	0.120206176
0.0034009292700000002	8.38258839	0.109904155
0.0034761384100000002	7.30137605	0.102584869
0.0035513471800000004	5.96852846	0.0951001046
0.0036265563200000004	5.39220791	0.090844367
0.0037017650899999997	4.71708736	0.086480745
0.00377697423	4.88600493	0.0852715742
0.00385218337	4.94681835	0.0838191203
0.00394243412	4.95206165	0.0696613292
0.0040477264700000005	4.79272556	0.0674604275
0.00415301919	4.57778454	0.065339126
0.00425831191	4.33926337	0.0631001484
0.00436360426	4.18413033	0.0613919263
0.00446889699	3.8943338	0.0591017794
0.00457418971	3.65584394	0.0571886688
0.00467948206	3.31696578	0.0549135655
0.004784774780000001	2.88594597	0.0524024452
0.0048900675	2.48064429	0.0501488561
0.0049953598500000005	2.099094	0.0485032122
0.00510065258	1.81539609	0.0480500664
0.0052059453000000006	1.65081609	0.0473968208
0.00532627963	1.50195759	0.0410792319
0.00546165593	1.41201685	0.0402821906
0.005597031860000001	1.26827085	0.0388359878
0.005732408170000001	1.2810465	0.0374012236
0.005867784470000001	1.26503832	0.0364612963
0.006003160400000001	1.18933332	0.0355432405
0.00613853671	1.11789868	0.0347313221
0.0062739126400000005	1.03507101	0.0338119382
0.0064092889400000005	1.00893712	0.0331194656
0.00655970722	0.980830533	0.0293426534
0.006725166740000001	0.954666668	0.0287177774
0.006890627000000001	0.96883078	0.028234396
0.00705608651	0.964589877	0.0277868019
0.0072215460200000005	0.921894128	0.0272118279
0.00738700628	0.905609223	0.0267681475
0.0075524658	0.887970697	0.0263119989
0.00771792531	0.840587031	0.0258308647
0.007898427550000002	0.779612394	0.0232733314
0.008093971010000001	0.689817167	0.022711274
0.00828951374	0.634339956	0.0222582341
0.0084850572	0.609258514	0.0218706932
0.00868060067	0.589731372	0.0215022289
0.00887614414	0.527602916	0.0210241518
0.00907168761	0.49380849	0.0206777453
0.009282273050000001	0.44765512	0.018891389
0.00950789973	0.421363819	0.0185641048
0.00973352715	0.384464963	0.0182158439
0.009959153830000001	0.371031503	0.0179526948
0.0101847805	0.341311512	0.0176799905
0.010410407900000002	0.314942513	0.0174153021
0.010651076600000002	0.296313221	0.0161020446
0.0109067872	0.282310633	0.0158309332
0.0111624978	0.260403332	0.0158369264
0.0114182085	0.242818399	0.015985149
0.011673919100000001	0.220288377	0.0158190463
0.011944671	0.217021167	0.0145031353
0.0122304656	0.208972365	0.0142206438
0.012516260100000003	0.197597806	0.0139820911
0.012802054	0.22137151	0.0138090089
0.0131028906	0.181561628	0.0128593824
0.013418768300000002	0.169192058	0.0128811047
0.013734646100000001	0.162212351	0.0131530097
0.0140505239	0.159489289	0.0135283341
0.014381443	0.154994503	0.0131353446
0.0147274047	0.162596629	0.013283006
0.015073365	0.161402021	0.0133827161
0.0154193267	0.171808956	0.0135121955
0.0157803297	0.166088867	0.0130443833
0.016156375400000002	0.171288	0.0131337114
0.0165324196	0.155002667	0.0131787547
0.0169084653	0.148335101	0.0132260784
0.017299552300000003	0.132322946	0.0127485279
0.017705680400000003	0.126069399	0.0130634319
0.0181118086	0.122510353	0.0136234508
0.0185329795	0.117658965	0.0135646547
0.0189691916	0.108383864	0.0139635722
0.019405403700000004	0.106226843	0.0145718728
0.0198566571	0.10659201	0.0157178518
0.0203229532	0.0840060612	0.0171498901
0.020789249200000002	0.076204009	0.0186861751
0.021270586600000002	0.0781740056	0.0197074912
0.021766966600000003	0.0744649535	0.0220054455
0.0222633451	0.0676360924	0.0247244238
0.0227747664	0.0622503479	0.0268932789
0.0233012304	0.0482659568	0.0309793115
0.0238427341	0.0538500363	0.0358788043
0.024399280500000002	0.0446783779	0.0415067258
0.024970869700000002	0.0315034469	0.049146342
0.025557500100000005	0.0646128365	0.0694643121
