q[nm-1]	I(q)[sr-1]_rebin(no_smoothing,TAPBacetic38ACNphcn90C_eiger2_12014_sub.dat_00001_[sub(TAPBacetic38ACNphcn90C_eiger2_12014_ave.h5_00001_[AN_3_30_29_RXN_90C]-TAPBacetic38ACNphcn90C_eiger2_11907_av_ave.h5_00001_[AN_3_30_29_PRM_90C])],1,0.0050)	error
0.000212067761	113072.594	234.749283
0.000227109576	112371.07	152.762711
0.00024215136700000002	106814.336	124.237808
0.000257193157	101328.445	107.715622
0.000272234972	95178.5547	95.4340591
0.00028727676300000003	90398.9453	86.6359787
0.000302318553	85154.7891	79.1656036
0.00031736036800000003	79758.3594	72.6992798
0.00033240215900000005	74825.6797	66.9355927
0.000347443949	69782.4609	62.1133385
0.00036248576400000005	64698.7383	57.6289253
0.00037752755500000006	60282.0352	53.6138802
0.000392569369	56283.6523	50.1253624
0.00040761116	52439.9102	46.7656708
0.000422652951	48392.7188	43.6777725
0.00043769474100000005	44645.2773	40.9139442
0.000452736579	41278.2773	38.3805733
0.00046777837000000006	37836.0195	35.8889122
0.000482820161	34907.9492	33.6468353
0.000497861952	32063.4316	31.5590687
0.0005129037420000001	29399.0684	29.5809669
0.0005279455330000001	26853.7969	27.6571026
0.000542987371	24503.5215	25.92873
0.000558029162	22381.8672	24.3062763
0.0005730709530000001	20350.0527	22.8019619
0.0005881127440000001	18555.9805	21.4060059
0.000603154534	16838.7715	20.0399246
0.000618196372	15224.5752	18.6283684
0.000633238163	13874.4443	17.0646973
0.000648279954	12506.6787	15.7038202
0.0006633217450000001	11283.2139	14.6406794
0.000678363536	10173.4385	13.7389526
0.000693405326	9134.8457	12.8765974
0.0007084471640000001	8188.58496	12.0463552
0.0007234889550000001	7320.2041	11.2579813
0.000738530746	6551.93359	10.5228119
0.0007535725370000001	5823.62451	9.81426907
0.000768614328	5191.88623	9.18926144
0.0007836561650000001	4616.43066	8.57504749
0.000798697956	4083.78027	7.99890184
0.000813739747	3593.96948	7.43694448
0.0008287815380000001	3178.59131	6.93421745
0.000843823329	2798.1958	6.46498632
0.0008588651200000001	2437.95557	5.98273897
0.0008739069100000001	2133.13428	5.5650115
0.0008889487010000001	1863.31824	5.1657114
0.0009039905850000001	1619.07007	4.78506088
0.0009190323760000001	1406.1438	4.44154215
0.000934074167	1216.59253	4.10800695
0.000949115958	1051.56177	3.80526471
0.0009641577490000001	908.651672	3.52390265
0.00097919954	785.319702	3.26562667
0.000994241331	677.895935	3.03097558
0.0010092831199999999	578.533203	2.79550624
0.0010243249100000001	498.238281	2.59662223
0.0010393667000000001	429.260132	2.41417885
0.0010544084900000002	371.966217	2.24944973
0.00106945038	325.572693	2.11034536
0.00108449217	279.724884	1.95855796
0.00109953396	249.096344	1.85247743
0.00111457575	225.411011	1.76288927
0.00112961754	205.965271	1.68592215
0.0011446593300000001	190.909271	1.62187803
0.0011597011200000001	178.734634	1.5592804
0.0011747429100000002	171.423737	1.52239227
0.00118978471	163.065735	1.47630835
0.0012048265000000002	159.491028	1.45123827
0.0012198682900000002	156.343552	1.42590475
0.00123491017	154.908127	1.4078573
0.00124995196	154.063171	1.38992155
0.00126499375	151.341751	1.36442935
0.0012800355400000001	153.679657	1.36191964
0.00129507734	152.040771	1.34018695
0.0013101191300000001	154.066116	1.33869386
0.0013251609200000002	150.518097	1.31017435
0.0013402027100000002	150.860062	1.29811239
0.0013552445	146.561523	1.27563453
0.00137028629	144.379639	1.25989854
0.00138532808	142.80687	1.2423346
0.0014003699600000001	139.667664	1.22075891
0.00141541176	134.861023	1.19506145
0.0014304535500000001	128.151657	1.16001379
0.0014454953400000001	123.876556	1.13380504
0.00146053713	120.307793	1.1171515
0.00147557892	112.165909	1.07642102
0.0014906207100000002	108.443192	1.05556977
0.0015056625000000002	98.8417053	1.01073766
0.00152070429	94.226181	0.985344112
0.00153574608	88.452713	0.95280093
0.00155078787	83.5574417	0.928748071
0.00156582966	77.021347	0.894836485
0.00158087146	70.8365631	0.859934449
0.00159591325	67.4833527	0.838132501
0.00161095504	62.5349808	0.811256945
0.0016259968300000001	57.3759155	0.780542791
0.0016410386200000002	53.2527275	0.753192306
0.0016560806	50.4483032	0.735443115
0.0016711223899999999	48.7170334	0.722471952
0.0016861641800000001	45.145752	0.699771225
0.00170120597	43.674324	0.687757075
0.0017162477600000002	41.6150665	0.671379864
0.0017312895500000002	40.0051842	0.655402184
0.00174633134	40.7112389	0.656220794
0.0017613731300000002	39.4155884	0.642390549
0.00177641492	39.9932137	0.640499115
0.00179145671	42.4409027	0.650846064
0.00180649851	41.0074234	0.63659215
0.0018215403000000003	41.161026	0.633130789
0.00183658209	42.3998795	0.635179162
0.0018516238800000001	42.7348022	0.633437753
0.00186666567	42.5184479	0.627889335
0.0018817074600000002	45.2047806	0.643461645
0.00189674925	46.1603546	0.652378798
0.0019117910400000002	48.3142128	0.666623712
0.00192683283	48.8197479	0.665896595
0.00195691641	51.1966337	0.391206427
0.00200204197	53.7791125	0.396343816
0.00204716735	54.1509196	0.394696017
0.00209229272	53.5966034	0.378582288
0.0021374180900000004	51.7091713	0.363926235
0.00218254346	47.3280678	0.344438674
0.00222766884	44.1818746	0.329891389
0.00227279421	38.8472531	0.308316047
0.0023179197700000003	35.5000915	0.292549148
0.00236304514	31.5907396	0.276087708
0.00240817051	28.8096835	0.262942368
0.00245329589	26.3938027	0.250509885
0.00249842126	23.6229299	0.237193313
0.0025435466300000003	22.8477967	0.231077405
0.002588672	22.2043603	0.225332802
0.00264883935	22.2019508	0.171181968
0.0027240483100000002	22.069965	0.167220249
0.00279925726	21.8145363	0.167421507
0.00287446622	20.8705982	0.165136803
0.0029496751700000003	19.0745991	0.159308534
0.00302488431	16.706044	0.151191264
0.00310009327	14.4929331	0.143129026
0.0031753022200000005	12.1136232	0.134091439
0.0032505113600000005	10.1554651	0.125978597
0.00332572013	9.13972797	0.120038221
0.0034009292700000002	8.08603859	0.110693746
0.0034761384100000002	7.22474928	0.103712597
0.0035513471800000004	6.98935537	0.100560289
0.0036265563200000004	6.53558349	0.0967131932
0.0037017650899999997	5.76232404	0.0919233246
0.00377697423	5.34690037	0.0886120032
0.00385218337	4.71130876	0.084585943
0.00394243412	3.97518754	0.0677388918
0.0040477264700000005	3.32127254	0.0638329953
0.00415301919	2.82097817	0.0606232869
0.00425831191	2.5956441	0.058345015
0.00436360426	2.45687795	0.0566450721
0.00446889699	2.2849165	0.0546843219
0.00457418971	2.12047185	0.053013182
0.00467948206	1.97063559	0.0513117761
0.004784774780000001	1.88272876	0.0498810462
0.0048900675	1.79221869	0.0486986044
0.0049953598500000005	1.77082271	0.0483206289
0.00510065258	1.67766624	0.0485078383
0.0052059453000000006	1.64814293	0.0484202671
0.00532627963	1.51153489	0.0420051767
0.00546165593	1.41064836	0.041182548
0.005597031860000001	1.34229305	0.039923412
0.005732408170000001	1.24740262	0.038117067
0.005867784470000001	1.15815557	0.0368791188
0.006003160400000001	1.08086729	0.0360037645
0.00613853671	1.01683885	0.0351437175
0.0062739126400000005	0.891645577	0.0340799688
0.0064092889400000005	0.902706279	0.0335296923
0.00655970722	0.849638126	0.0296213595
0.006725166740000001	0.910816973	0.0292295593
0.006890627000000001	0.868280487	0.0286049641
0.00705608651	0.824336583	0.0280087929
0.0072215460200000005	0.841682651	0.0276123884
0.00738700628	0.827114208	0.0271570187
0.0075524658	0.806247419	0.0266927002
0.00771792531	0.767385001	0.0262198753
0.007898427550000002	0.72894001	0.0236874887
0.008093971010000001	0.664120747	0.0231863477
0.00828951374	0.619748569	0.0227443366
0.0084850572	0.559650008	0.0222663214
0.00868060067	0.52313242	0.0218455627
0.00887614414	0.497260951	0.0214735171
0.00907168761	0.455816833	0.0210847266
0.009282273050000001	0.422818822	0.0192804027
0.00950789973	0.394638022	0.018942758
0.00973352715	0.366449885	0.0186340907
0.009959153830000001	0.339676932	0.0183136504
0.0101847805	0.309002852	0.0180428951
0.010410407900000002	0.292099798	0.0178025518
0.010651076600000002	0.282667023	0.0164678643
0.0109067872	0.257668617	0.016175581
0.0111624978	0.228751323	0.0161743748
0.0114182085	0.226739052	0.0163523758
0.011673919100000001	0.215742951	0.0161993059
0.011944671	0.199245684	0.0148372066
0.0122304656	0.192911673	0.0145514901
0.012516260100000003	0.198389499	0.0143342751
0.012802054	0.204834794	0.0141262484
0.0131028906	0.178568644	0.0131779961
0.013418768300000002	0.168255611	0.013205875
0.013734646100000001	0.152560299	0.0134680762
0.0140505239	0.149074241	0.01385247
0.014381443	0.154290702	0.0134667066
0.0147274047	0.14802463	0.0135931958
0.015073365	0.153367991	0.0137032734
0.0154193267	0.166852086	0.0138456344
0.0157803297	0.163789353	0.013371998
0.016156375400000002	0.157371039	0.0134427452
0.0165324196	0.151892384	0.013507079
0.0169084653	0.141589743	0.0135509768
0.017299552300000003	0.13254238	0.0130723194
0.017705680400000003	0.120181402	0.0133872791
0.0181118086	0.121122147	0.013966045
0.0185329795	0.121155953	0.0139201169
0.0189691916	0.11274598	0.01433026
0.019405403700000004	0.0991807267	0.0149316308
0.0198566571	0.103713693	0.0161121033
0.0203229532	0.0858054406	0.0175905772
0.020789249200000002	0.0836357979	0.0191802979
0.021270586600000002	0.0783854526	0.0202108319
0.021766966600000003	0.0804101898	0.0225863337
0.0222633451	0.0622235983	0.025342472
0.0227747664	0.0652978889	0.0275966934
0.0233012304	0.0477843633	0.0317827056
0.0238427341	0.040717958	0.0367309772
0.024399280500000002	0.0364550026	0.0425355953
0.024970869700000002	0.0392752099	0.0504515491
0.025557500100000005	0.0560377228	0.071039449
