q[nm-1]	I(q)[sr-1]_rebin(no_smoothing,TAPBacetic38ACNphcn90C_eiger2_12524_sub.dat_00001_[sub(TAPBacetic38ACNphcn90C_eiger2_12524_ave.h5_00001_[AN_3_30_29_RXN_90C]-TAPBacetic38ACNphcn90C_eiger2_11907_av_ave.h5_00001_[AN_3_30_29_PRM_90C])],1,0.0050)	error
0.000212067761	127840.188	244.007736
0.000227109576	129201.016	161.334061
0.00024215136700000002	120987.977	130.451569
0.000257193157	113693.055	112.58989
0.000272234972	107008.281	100.035973
0.00028727676300000003	99904.2031	90.0310822
0.000302318553	92621.7031	81.6238327
0.00031736036800000003	85821.0859	74.5947876
0.00033240215900000005	79431.4688	68.2378311
0.000347443949	73515.3359	63.1214905
0.00036248576400000005	67456.6719	58.2599106
0.00037752755500000006	61802.6328	53.7513657
0.000392569369	56666.5547	49.8081017
0.00040761116	52039.0703	46.1414261
0.000422652951	47666.0234	42.956852
0.00043769474100000005	43436.8633	39.9840012
0.000452736579	39499.7617	37.1673164
0.00046777837000000006	35905.5742	34.6587448
0.000482820161	32431.209	32.1384125
0.000497861952	29280.6113	29.8995323
0.0005129037420000001	26371.707	27.7684631
0.0005279455330000001	23749.1055	25.7849884
0.000542987371	21366.166	24.0125694
0.000558029162	19128.9629	22.2843742
0.0005730709530000001	17025.5332	20.694952
0.0005881127440000001	15134.3584	19.1896858
0.000603154534	13422.8604	17.7591133
0.000618196372	11921.0469	16.3804512
0.000633238163	10582.1357	14.7964287
0.000648279954	9358.62598	13.5033264
0.0006633217450000001	8231.2207	12.4329824
0.000678363536	7212.93018	11.5068302
0.000693405326	6312.0459	10.6636372
0.0007084471640000001	5514.81738	9.85283661
0.0007234889550000001	4818.54395	9.11430168
0.000738530746	4179.79248	8.38985157
0.0007535725370000001	3632.51392	7.75336075
0.000768614328	3170.86011	7.18401766
0.0007836561650000001	2776.36914	6.66307926
0.000798697956	2419.39697	6.17513132
0.000813739747	2114.28662	5.7297163
0.0008287815380000001	1865.70239	5.33566999
0.000843823329	1656.34924	5.00494862
0.0008588651200000001	1477.05164	4.69544268
0.0008739069100000001	1326.74097	4.41677523
0.0008889487010000001	1210.63403	4.18788862
0.0009039905850000001	1115.72839	3.99405575
0.0009190323760000001	1044.66296	3.83729506
0.000934074167	991.048523	3.70421529
0.000949115958	948.665955	3.59637094
0.0009641577490000001	924.061218	3.51711702
0.00097919954	902.679688	3.44070911
0.000994241331	897.44574	3.40175128
0.0010092831199999999	889.763428	3.35637808
0.0010243249100000001	882.391724	3.31132269
0.0010393667000000001	892.032837	3.30008006
0.0010544084900000002	893.65802	3.27187824
0.00106945038	895.113831	3.24569011
0.00108449217	900.180908	3.22634864
0.00109953396	902.744263	3.20544052
0.00111457575	898.615112	3.16721749
0.00112961754	894.56781	3.13579774
0.0011446593300000001	890.468323	3.10335398
0.0011597011200000001	878.631348	3.05595708
0.0011747429100000002	862.880981	3.01008987
0.00118978471	848.085083	2.96382499
0.0012048265000000002	829.912964	2.91461396
0.0012198682900000002	808.651367	2.85467386
0.00123491017	789.105103	2.80436182
0.00124995196	756.954712	2.72887588
0.00126499375	724.038086	2.65221453
0.0012800355400000001	694.955994	2.58553791
0.00129507734	657.065552	2.49934912
0.0013101191300000001	618.845459	2.41270876
0.0013251609200000002	582.115356	2.33016491
0.0013402027100000002	542.911621	2.23694491
0.0013552445	504.319885	2.14887142
0.00137028629	469.451538	2.06636715
0.00138532808	430.631165	1.96953595
0.0014003699600000001	394.441345	1.88312626
0.00141541176	359.821014	1.7938174
0.0014304535500000001	329.097748	1.71218562
0.0014454953400000001	295.324951	1.6188978
0.00146053713	266.865265	1.53712356
0.00147557892	243.343658	1.46821427
0.0014906207100000002	215.665298	1.38072443
0.0015056625000000002	192.916504	1.31023717
0.00152070429	170.942291	1.2344346
0.00153574608	154.211929	1.17505884
0.00155078787	138.534393	1.11747229
0.00156582966	123.159081	1.05739582
0.00158087146	108.802055	0.997170746
0.00159591325	101.457993	0.966031671
0.00161095504	93.1422043	0.92776525
0.0016259968300000001	84.4422684	0.886509836
0.0016410386200000002	79.9860535	0.86208576
0.0016560806	75.3850098	0.835233688
0.0016711223899999999	74.9099655	0.83135283
0.0016861641800000001	71.7153778	0.811331987
0.00170120597	71.1814957	0.803636909
0.0017162477600000002	70.0440445	0.792146027
0.0017312895500000002	70.6586914	0.790409982
0.00174633134	69.69561	0.780335903
0.0017613731300000002	71.3721085	0.783048511
0.00177641492	71.6918106	0.778556347
0.00179145671	72.4625702	0.778712332
0.00180649851	72.753952	0.772925377
0.0018215403000000003	73.6113739	0.770734251
0.00183658209	72.4754486	0.76146996
0.0018516238800000001	72.6689606	0.758979201
0.00186666567	72.1051407	0.752942204
0.0018817074600000002	71.1599503	0.752284646
0.00189674925	70.6500244	0.756398976
0.0019117910400000002	69.2404556	0.753087461
0.00192683283	67.3372574	0.745740652
0.00195691641	62.7260335	0.418353302
0.00200204197	56.8209419	0.40064435
0.00204716735	49.5718956	0.377103306
0.00209229272	42.0186806	0.341674678
0.0021374180900000004	36.8943659	0.317886699
0.00218254346	32.4058876	0.297373625
0.00222766884	30.2374407	0.28485296
0.00227279421	30.4649397	0.279824878
0.0023179197700000003	30.5061874	0.27440319
0.00236304514	31.9005915	0.27433224
0.00240817051	33.3975983	0.274090709
0.00245329589	35.2462323	0.27533218
0.00249842126	35.6783193	0.2722058
0.0025435466300000003	35.3709297	0.267450354
0.002588672	34.8015989	0.261970575
0.00264883935	31.9194115	0.19302025
0.0027240483100000002	27.7180519	0.179431804
0.00279925726	22.6386559	0.167780414
0.00287446622	18.502639	0.156870077
0.0029496751700000003	15.5158266	0.147341606
0.00302488431	13.4186197	0.139765987
0.00310009327	12.4407423	0.134977546
0.0031753022200000005	11.601425	0.130741198
0.0032505113600000005	10.6734469	0.126296077
0.00332572013	9.45385265	0.119923282
0.0034009292700000002	8.22886467	0.109842037
0.0034761384100000002	6.76785841	0.101047752
0.0035513471800000004	5.85931501	0.0952005007
0.0036265563200000004	5.39870205	0.0911851171
0.0037017650899999997	5.35955391	0.0893822976
0.00377697423	5.36112251	0.0875040525
0.00385218337	5.45819263	0.0862554729
0.00394243412	5.4731745	0.0716866422
0.0040477264700000005	5.25184584	0.0692840909
0.00415301919	4.83843585	0.066536955
0.00425831191	4.59196724	0.0642289019
0.00436360426	4.2580484	0.0618954102
0.00446889699	4.03204679	0.0598308568
0.00457418971	3.77305971	0.0578409005
0.00467948206	3.1749412	0.0547205878
0.004784774780000001	2.72365972	0.0521800109
0.0048900675	2.27469386	0.0497251482
0.0049953598500000005	2.08199288	0.048712361
0.00510065258	1.79237136	0.0482274846
0.0052059453000000006	1.69853352	0.0478794164
0.00532627963	1.59173993	0.0416586209
0.00546165593	1.42848024	0.0406290145
0.005597031860000001	1.3344756	0.0393713493
0.005732408170000001	1.36593845	0.0379292985
0.005867784470000001	1.33419172	0.0369460244
0.006003160400000001	1.25115849	0.0359817046
0.00613853671	1.12383241	0.0349646597
0.0062739126400000005	1.10786531	0.0342787669
0.0064092889400000005	1.01809459	0.0333900842
0.00655970722	0.975487719	0.029530565
0.006725166740000001	0.9777998	0.0289878848
0.006890627000000001	0.976728048	0.0284516822
0.00705608651	0.958825274	0.0279440612
0.0072215460200000005	0.983101812	0.0275602715
0.00738700628	0.96471424	0.0271170712
0.0075524658	0.936972596	0.0266095001
0.00771792531	0.890435847	0.0261200294
0.007898427550000002	0.805834284	0.0235009617
0.008093971010000001	0.719281839	0.0229487871
0.00828951374	0.661080549	0.0224891261
0.0084850572	0.598378163	0.0219943708
0.00868060067	0.565801139	0.0215908736
0.00887614414	0.545613718	0.0212215657
0.00907168761	0.505984531	0.0208593477
0.009282273050000001	0.463326945	0.0190569049
0.00950789973	0.428112785	0.0187012349
0.00973352715	0.394926534	0.0183773838
0.009959153830000001	0.379310308	0.0180961479
0.0101847805	0.345011636	0.017816395
0.010410407900000002	0.321426052	0.0175563987
0.010651076600000002	0.304911791	0.0162270004
0.0109067872	0.280580408	0.015943125
0.0111624978	0.255415277	0.0159494723
0.0114182085	0.256238976	0.0161334573
0.011673919100000001	0.236377423	0.0159648988
0.011944671	0.233064768	0.0146451788
0.0122304656	0.207013053	0.0143234021
0.012516260100000003	0.209998456	0.0141084918
0.012802054	0.216549454	0.0139020817
0.0131028906	0.190994187	0.0129735145
0.013418768300000002	0.177128593	0.0129891285
0.013734646100000001	0.161738791	0.0132525445
0.0140505239	0.168660022	0.0136481516
0.014381443	0.162407554	0.0132470448
0.0147274047	0.162416359	0.0133813676
0.015073365	0.167048391	0.0134917287
0.0154193267	0.171771536	0.013611561
0.0157803297	0.180395363	0.013167854
0.016156375400000002	0.16530839	0.0132198527
0.0165324196	0.164280923	0.0132963063
0.0169084653	0.140884863	0.0133156782
0.017299552300000003	0.132577718	0.0128444536
0.017705680400000003	0.130971581	0.0131696104
0.0181118086	0.119661	0.0137180976
0.0185329795	0.114595486	0.0136611567
0.0189691916	0.110597129	0.0140751908
0.019405403700000004	0.107307644	0.0146832508
0.0198566571	0.0957615349	0.0158110505
0.0203229532	0.0894159605	0.0172925707
0.020789249200000002	0.0771506537	0.0188277584
0.021270586600000002	0.079017486	0.0198566349
0.021766966600000003	0.0709446094	0.0221656522
0.0222633451	0.0650425822	0.0249029166
0.0227747664	0.0601913185	0.0270989717
0.0233012304	0.0655630415	0.031292985
0.0238427341	0.0618161478	0.0362014591
0.024399280500000002	0.0453416951	0.0418321685
0.024970869700000002	0.0437572154	0.0495670674
0.025557500100000005	0.0448989918	0.0697360555
