q[nm-1]	I(q)[sr-1]_rebin(no_smoothing,TAPBacetic38ACNphcn90C_eiger2_12419_sub.dat_00001_[sub(TAPBacetic38ACNphcn90C_eiger2_12419_ave.h5_00001_[AN_3_30_29_RXN_90C]-TAPBacetic38ACNphcn90C_eiger2_11907_av_ave.h5_00001_[AN_3_30_29_PRM_90C])],1,0.0050)	error
0.000212067761	141830.016	255.142654
0.000227109576	129698.0	160.874939
0.00024215136700000002	119346.75	129.108887
0.000257193157	112766.305	111.781517
0.000272234972	104890.18	98.6548462
0.00028727676300000003	96919.3672	88.3246613
0.000302318553	90095.6719	80.2679749
0.00031736036800000003	83556.6172	73.3980179
0.00033240215900000005	77453.2656	67.1919937
0.000347443949	71498.0	62.0107613
0.00036248576400000005	66103.6953	57.4810486
0.00037752755500000006	60974.7891	53.2232513
0.000392569369	55576.043	49.1622772
0.00040761116	50979.2812	45.5051422
0.000422652951	46680.2344	42.353653
0.00043769474100000005	42522.7734	39.4294434
0.000452736579	38683.4453	36.6679306
0.00046777837000000006	35049.8398	34.1071472
0.000482820161	31869.6953	31.7399368
0.000497861952	28776.7266	29.5357151
0.0005129037420000001	25902.498	27.4340286
0.0005279455330000001	23296.5703	25.4477501
0.000542987371	20959.2246	23.7074432
0.000558029162	18707.9941	21.9609051
0.0005730709530000001	16705.4004	20.429491
0.0005881127440000001	14917.0596	18.9818401
0.000603154534	13267.2666	17.5968628
0.000618196372	11767.9502	16.2093391
0.000633238163	10463.4297	14.6669006
0.000648279954	9278.0625	13.4015722
0.0006633217450000001	8195.75098	12.3705378
0.000678363536	7184.95605	11.4416418
0.000693405326	6303.99316	10.6077909
0.0007084471640000001	5526.76123	9.82896519
0.0007234889550000001	4810.49023	9.07026577
0.000738530746	4197.50342	8.37751198
0.0007535725370000001	3675.3208	7.7679677
0.000768614328	3223.89307	7.21502972
0.0007836561650000001	2812.13696	6.67859697
0.000798697956	2455.53564	6.19271564
0.000813739747	2153.6626	5.76075554
0.0008287815380000001	1885.73584	5.34823656
0.000843823329	1676.69495	5.01220894
0.0008588651200000001	1507.15247	4.7166934
0.0008739069100000001	1360.39954	4.45080376
0.0008889487010000001	1234.87708	4.20727158
0.0009039905850000001	1139.22656	4.01549149
0.0009190323760000001	1062.6543	3.85400558
0.000934074167	998.829163	3.7019527
0.000949115958	957.72699	3.60103369
0.0009641577490000001	919.444336	3.49706054
0.00097919954	895.833008	3.42050028
0.000994241331	890.309753	3.37651968
0.0010092831199999999	884.295288	3.33239627
0.0010243249100000001	882.297058	3.29975128
0.0010393667000000001	884.36377	3.27255774
0.0010544084900000002	879.178223	3.23383856
0.00106945038	884.294128	3.21630955
0.00108449217	885.427917	3.1856153
0.00109953396	887.824097	3.16504836
0.00111457575	891.118774	3.14433718
0.00112961754	886.010254	3.10998106
0.0011446593300000001	878.835266	3.07302809
0.0011597011200000001	874.701477	3.04247975
0.0011747429100000002	860.317139	2.99738407
0.00118978471	847.025635	2.9527204
0.0012048265000000002	825.158569	2.89403605
0.0012198682900000002	812.612061	2.85449553
0.00123491017	792.702087	2.79759097
0.00124995196	765.79303	2.73550677
0.00126499375	732.689209	2.65923595
0.0012800355400000001	697.755737	2.57995367
0.00129507734	662.233093	2.49855971
0.0013101191300000001	628.049683	2.42067337
0.0013251609200000002	592.817871	2.34324431
0.0013402027100000002	558.648804	2.25975561
0.0013552445	522.324341	2.17801762
0.00137028629	482.591522	2.08559752
0.00138532808	445.429474	1.99486852
0.0014003699600000001	410.666626	1.91041374
0.00141541176	379.654266	1.83213592
0.0014304535500000001	343.967133	1.73810625
0.0014454953400000001	310.480896	1.64736581
0.00146053713	283.219849	1.5729816
0.00147557892	257.483734	1.50007176
0.0014906207100000002	231.784546	1.42093515
0.0015056625000000002	204.994583	1.33740211
0.00152070429	183.513031	1.26814318
0.00153574608	164.932617	1.20487773
0.00155078787	146.712173	1.13953817
0.00156582966	131.658813	1.08436871
0.00158087146	118.100105	1.02882051
0.00159591325	106.937149	0.980511606
0.00161095504	96.7884293	0.936679184
0.0016259968300000001	89.5435944	0.904772162
0.0016410386200000002	82.1983185	0.866187036
0.0016560806	78.4506836	0.848486841
0.0016711223899999999	73.3894043	0.820091844
0.0016861641800000001	69.9692993	0.801457644
0.00170120597	68.3104019	0.790191948
0.0017162477600000002	67.2053375	0.777642667
0.0017312895500000002	67.0943604	0.771823287
0.00174633134	64.9076462	0.75807482
0.0017613731300000002	65.8252945	0.757209301
0.00177641492	65.6611557	0.750923455
0.00179145671	65.9752274	0.748190165
0.00180649851	66.9799194	0.746220589
0.0018215403000000003	66.7931824	0.740450799
0.00183658209	66.5578003	0.735080242
0.0018516238800000001	68.2227631	0.738975406
0.00186666567	68.3131561	0.736381412
0.0018817074600000002	65.9138489	0.726658106
0.00189674925	65.6416473	0.733678281
0.0019117910400000002	65.7183762	0.736881137
0.00192683283	63.6823807	0.726056993
0.00195691641	59.6297391	0.408411014
0.00200204197	54.2563794	0.392131055
0.00204716735	47.719209	0.37041072
0.00209229272	40.533109	0.336659968
0.0021374180900000004	35.0524648	0.311587099
0.00218254346	31.1220315	0.292486606
0.00222766884	29.206056	0.280409377
0.00227279421	27.4706071	0.26950471
0.0023179197700000003	29.0283559	0.268910755
0.00236304514	29.8823382	0.266996435
0.00240817051	31.1873766	0.266420185
0.00245329589	32.683726	0.266538756
0.00249842126	33.512413	0.264831513
0.0025435466300000003	33.4704005	0.261133172
0.002588672	33.2800426	0.256525365
0.00264883935	31.2592506	0.190930196
0.0027240483100000002	27.6478726	0.178372781
0.00279925726	22.6585312	0.167109536
0.00287446622	18.6957871	0.156686648
0.0029496751700000003	15.7170725	0.147312814
0.00302488431	13.5027853	0.139256919
0.00310009327	12.6364985	0.134941066
0.0031753022200000005	11.7770079	0.130644176
0.0032505113600000005	10.6676386	0.12570262
0.00332572013	9.63424739	0.119873444
0.0034009292700000002	8.32905617	0.109750512
0.0034761384100000002	6.94668035	0.10138923
0.0035513471800000004	6.14913092	0.0959893375
0.0036265563200000004	5.26020546	0.0903825136
0.0037017650899999997	4.96154766	0.0874153281
0.00377697423	4.83441429	0.0852800271
0.00385218337	5.06617174	0.0844327093
0.00394243412	5.04330056	0.0700313006
0.0040477264700000005	4.9085006	0.0679275057
0.00415301919	4.62447575	0.0655879233
0.00425831191	4.39658996	0.0633413752
0.00436360426	4.11999617	0.0611996717
0.00446889699	4.03363637	0.0596678021
0.00457418971	3.74239663	0.0574986602
0.00467948206	3.28556599	0.0548232565
0.004784774780000001	2.80812778	0.0522082075
0.0048900675	2.39362056	0.0499090631
0.0049953598500000005	2.01273452	0.0482052445
0.00510065258	1.76192452	0.0478983347
0.0052059453000000006	1.6312066	0.0473753258
0.00532627963	1.53060212	0.0412581316
0.00546165593	1.40253015	0.0402969036
0.005597031860000001	1.25216602	0.0388741056
0.005732408170000001	1.22785025	0.0373036359
0.005867784470000001	1.2650899	0.0364882379
0.006003160400000001	1.24138247	0.0357502075
0.00613853671	1.13440952	0.034814555
0.0062739126400000005	1.03596875	0.0338716407
0.0064092889400000005	1.04381365	0.0332773975
0.00655970722	0.985939638	0.0294204704
0.006725166740000001	0.948513605	0.0287321467
0.006890627000000001	0.950738756	0.0282262303
0.00705608651	0.964503261	0.0278058812
0.0072215460200000005	0.992505848	0.0274249061
0.00738700628	0.923990125	0.0268270699
0.0075524658	0.892775861	0.0263634207
0.00771792531	0.829678069	0.0258276109
0.007898427550000002	0.786605908	0.0233125126
0.008093971010000001	0.709399718	0.0227867761
0.00828951374	0.649696391	0.0223191119
0.0084850572	0.588723224	0.0218493957
0.00868060067	0.561813139	0.0214537404
0.00887614414	0.533233482	0.0210637887
0.00907168761	0.483195935	0.0206724384
0.009282273050000001	0.44810606	0.0189098011
0.00950789973	0.426566414	0.0185863255
0.00973352715	0.398551905	0.0182760228
0.009959153830000001	0.374926366	0.017977822
0.0101847805	0.335089505	0.0176943304
0.010410407900000002	0.326735316	0.0174597461
0.010651076600000002	0.294563712	0.0161185916
0.0109067872	0.277578313	0.0158382195
0.0111624978	0.256319411	0.0158546047
0.0114182085	0.23803077	0.0159939456
0.011673919100000001	0.230103114	0.0158548359
0.011944671	0.223940754	0.0145336553
0.0122304656	0.205173202	0.0142308978
0.012516260100000003	0.210484899	0.0140199113
0.012802054	0.213389103	0.0138115535
0.0131028906	0.193026152	0.0128942395
0.013418768300000002	0.174556749	0.0129069887
0.013734646100000001	0.167224688	0.013176258
0.0140505239	0.163277599	0.0135528287
0.014381443	0.153242692	0.0131485774
0.0147274047	0.149908098	0.0132776797
0.015073365	0.152804708	0.0133828683
0.0154193267	0.163045946	0.0135102778
0.0157803297	0.170318738	0.0130681187
0.016156375400000002	0.163345359	0.0131344132
0.0165324196	0.154328132	0.0131946758
0.0169084653	0.141233807	0.0132282951
0.017299552300000003	0.135281981	0.0127666347
0.017705680400000003	0.126071981	0.013080834
0.0181118086	0.121583671	0.0136347816
0.0185329795	0.116902176	0.0135808658
0.0189691916	0.109674677	0.013985756
0.019405403700000004	0.0998961308	0.014576263
0.0198566571	0.101643257	0.0157261643
0.0203229532	0.0842161696	0.0171725794
0.020789249200000002	0.0816209825	0.0187203782
0.021270586600000002	0.0707130968	0.019705808
0.021766966600000003	0.0737540467	0.0220307612
0.0222633451	0.0632879775	0.0247377896
0.0227747664	0.0596342104	0.0269210105
0.0233012304	0.0532838724	0.0310360654
0.0238427341	0.0386754928	0.0358517508
0.024399280500000002	0.0399588163	0.0415236514
0.024970869700000002	0.0320930581	0.0492021063
0.025557500100000005	0.0316091488	0.0691362302
