q[nm-1]	I(q)[sr-1]_rebin(no_smoothing,TAPBacetic38ACNphcn90C_eiger2_12433_sub.dat_00001_[sub(TAPBacetic38ACNphcn90C_eiger2_12433_ave.h5_00001_[AN_3_30_29_RXN_90C]-TAPBacetic38ACNphcn90C_eiger2_11907_av_ave.h5_00001_[AN_3_30_29_PRM_90C])],1,0.0050)	error
0.000212067761	134722.406	249.830719
0.000227109576	127596.031	159.670837
0.00024215136700000002	119423.328	129.144455
0.000257193157	111313.719	110.953003
0.000272234972	104653.469	98.5315857
0.00028727676300000003	96453.3203	88.035675
0.000302318553	89442.4688	79.9410172
0.00031736036800000003	84004.9609	73.5342484
0.00033240215900000005	78202.4375	67.4389343
0.000347443949	71685.9375	62.0642319
0.00036248576400000005	66075.2891	57.4034309
0.00037752755500000006	61071.7461	53.1975899
0.000392569369	55676.5469	49.1627502
0.00040761116	50981.9219	45.4907188
0.000422652951	46546.1055	42.2712479
0.00043769474100000005	42267.7109	39.2742767
0.000452736579	38550.293	36.5881348
0.00046777837000000006	35079.668	34.1127548
0.000482820161	31805.4609	31.6887321
0.000497861952	28787.1387	29.5337868
0.0005129037420000001	25964.7793	27.44063
0.0005279455330000001	23349.9453	25.4677773
0.000542987371	20900.0996	23.6551743
0.000558029162	18702.2773	21.9462509
0.0005730709530000001	16702.1855	20.4116364
0.0005881127440000001	14953.3389	18.9966774
0.000603154534	13267.207	17.5839691
0.000618196372	11723.3389	16.1736717
0.000633238163	10416.8281	14.6262112
0.000648279954	9208.26172	13.339983
0.0006633217450000001	8113.85596	12.3018036
0.000678363536	7144.38965	11.4043713
0.000693405326	6302.04541	10.6060295
0.0007084471640000001	5482.70215	9.77507114
0.0007234889550000001	4801.49463	9.05863667
0.000738530746	4215.82764	8.39497662
0.0007535725370000001	3671.62622	7.75779581
0.000768614328	3190.97217	7.17152071
0.0007836561650000001	2785.43066	6.64497185
0.000798697956	2430.03296	6.1613245
0.000813739747	2126.36084	5.71757841
0.0008287815380000001	1880.54529	5.3363595
0.000843823329	1669.77991	5.00103045
0.0008588651200000001	1485.79248	4.68547201
0.0008739069100000001	1336.5918	4.41496468
0.0008889487010000001	1217.07043	4.17732096
0.0009039905850000001	1127.54492	3.99763298
0.0009190323760000001	1052.44348	3.83339381
0.000934074167	999.788879	3.70221114
0.000949115958	956.869202	3.5939393
0.0009641577490000001	924.454773	3.50056529
0.00097919954	901.104004	3.42907453
0.000994241331	882.701721	3.35866261
0.0010092831199999999	880.999146	3.32586575
0.0010243249100000001	879.336609	3.29481387
0.0010393667000000001	876.677734	3.25773764
0.0010544084900000002	876.631042	3.23094559
0.00106945038	883.357178	3.21112275
0.00108449217	890.320374	3.19423962
0.00109953396	885.602905	3.16151667
0.00111457575	883.02832	3.12905169
0.00112961754	881.951538	3.09899449
0.0011446593300000001	878.997375	3.07013512
0.0011597011200000001	871.691284	3.03502679
0.0011747429100000002	860.213806	2.99637485
0.00118978471	844.582703	2.94596219
0.0012048265000000002	825.310608	2.89257812
0.0012198682900000002	803.276855	2.83533239
0.00123491017	776.009644	2.76899076
0.00124995196	756.40387	2.72020531
0.00126499375	727.429016	2.64721799
0.0012800355400000001	692.927185	2.57033968
0.00129507734	656.600952	2.4866426
0.0013101191300000001	624.848694	2.4107573
0.0013251609200000002	590.199097	2.33403444
0.0013402027100000002	555.179138	2.25280833
0.0013552445	516.09491	2.16409159
0.00137028629	478.299896	2.07488036
0.00138532808	440.125031	1.98169518
0.0014003699600000001	407.364929	1.9045285
0.00141541176	370.302368	1.80901301
0.0014304535500000001	340.154175	1.73100877
0.0014454953400000001	308.115814	1.64136004
0.00146053713	278.135681	1.5598278
0.00147557892	252.260071	1.48573053
0.0014906207100000002	223.048782	1.39236522
0.0015056625000000002	201.356903	1.32885802
0.00152070429	179.765594	1.25608289
0.00153574608	158.726089	1.18407643
0.00155078787	143.539078	1.13047278
0.00156582966	128.820618	1.07170308
0.00158087146	115.352165	1.01782811
0.00159591325	104.7771	0.9740206
0.00161095504	93.7633438	0.924583316
0.0016259968300000001	88.110611	0.898884594
0.0016410386200000002	80.9019623	0.859248281
0.0016560806	76.8772049	0.84080261
0.0016711223899999999	73.4943771	0.821267426
0.0016861641800000001	69.9184418	0.79992497
0.00170120597	67.2623291	0.783712924
0.0017162477600000002	66.2656097	0.774634778
0.0017312895500000002	66.0015259	0.766477466
0.00174633134	65.7081909	0.759788752
0.0017613731300000002	66.3133316	0.758895218
0.00177641492	66.2943573	0.754928768
0.00179145671	67.2750778	0.753037393
0.00180649851	68.1932831	0.750005364
0.0018215403000000003	68.5779572	0.747824669
0.00183658209	67.3134995	0.736677766
0.0018516238800000001	68.5887527	0.74088794
0.00186666567	66.6826096	0.727315843
0.0018817074600000002	66.8946915	0.731156647
0.00189674925	66.8714294	0.737329185
0.0019117910400000002	66.0731201	0.737811625
0.00192683283	63.3830566	0.724325776
0.00195691641	59.8471845	0.409312857
0.00200204197	54.1943779	0.391983063
0.00204716735	47.4275309	0.369562974
0.00209229272	40.8792521	0.33734718
0.0021374180900000004	34.599734	0.309591162
0.00218254346	30.6512458	0.290608082
0.00222766884	28.8719864	0.279142874
0.00227279421	28.5097688	0.272878825
0.0023179197700000003	28.3744507	0.266698383
0.00236304514	29.6265869	0.265982903
0.00240817051	31.2845955	0.266830689
0.00245329589	32.8135007	0.266428681
0.00249842126	34.2274475	0.26676445
0.0025435466300000003	34.1428858	0.26304163
0.002588672	33.3412984	0.256623626
0.00264883935	31.1654953	0.190282175
0.0027240483100000002	27.1569801	0.177139192
0.00279925726	22.8244862	0.167510671
0.00287446622	18.5302189	0.156139744
0.0029496751700000003	15.7016508	0.147122616
0.00302488431	13.6237608	0.139844598
0.00310009327	12.5213011	0.13461364
0.0031753022200000005	11.4204247	0.129528074
0.0032505113600000005	10.5202952	0.125037658
0.00332572013	9.47760143	0.119555567
0.0034009292700000002	8.2188715	0.109281349
0.0034761384100000002	6.98200598	0.10115723
0.0035513471800000004	5.84946566	0.0946670775
0.0036265563200000004	5.03834505	0.0894891107
0.0037017650899999997	5.0198494	0.0877041191
0.00377697423	5.16910143	0.0864743063
0.00385218337	5.16488848	0.0847068888
0.00394243412	5.06409679	0.0700696013
0.0040477264700000005	4.9426055	0.0679704584
0.00415301919	4.66975941	0.065669333
0.00425831191	4.33572149	0.063123077
0.00436360426	4.18476343	0.0613672361
0.00446889699	3.81534791	0.0588369808
0.00457418971	3.61616727	0.0570302529
0.00467948206	3.26644741	0.0547394249
0.004784774780000001	2.78592392	0.0520357959
0.0048900675	2.26848551	0.0493643126
0.0049953598500000005	2.03395769	0.0482837988
0.00510065258	1.77553332	0.0478937027
0.0052059453000000006	1.55199918	0.0470179846
0.00532627963	1.42909544	0.0408637396
0.00546165593	1.38451368	0.0402047904
0.005597031860000001	1.2759203	0.0388791437
0.005732408170000001	1.25294965	0.0373123909
0.005867784470000001	1.2353534	0.0363706435
0.006003160400000001	1.14715352	0.0354131929
0.00613853671	1.09620565	0.0346350017
0.0062739126400000005	1.01249242	0.0337412973
0.0064092889400000005	0.989991737	0.0330771557
0.00655970722	0.945396353	0.0292394422
0.006725166740000001	0.945514527	0.0286861694
0.006890627000000001	0.941184401	0.0281692909
0.00705608651	0.974247255	0.0277895286
0.0072215460200000005	0.978310959	0.0273754736
0.00738700628	0.902898328	0.0267677105
0.0075524658	0.906570077	0.0263567904
0.00771792531	0.829112497	0.0257974137
0.007898427550000002	0.759904375	0.0232250676
0.008093971010000001	0.679002821	0.0226849167
0.00828951374	0.631145752	0.02226945
0.0084850572	0.58682162	0.0218245907
0.00868060067	0.564893805	0.0214371212
0.00887614414	0.531652434	0.0210430864
0.00907168761	0.484016341	0.0206496272
0.009282273050000001	0.448852756	0.0188849002
0.00950789973	0.417434227	0.0185505487
0.00973352715	0.386427224	0.0182346205
0.009959153830000001	0.353290027	0.017906677
0.0101847805	0.344616286	0.0176800611
0.010410407900000002	0.311090072	0.0174128455
0.010651076600000002	0.29520581	0.0160970369
0.0109067872	0.274077681	0.015817974
0.0111624978	0.256938086	0.0158360648
0.0114182085	0.241391576	0.0159881911
0.011673919100000001	0.227253882	0.0158297532
0.011944671	0.216633302	0.0145009654
0.0122304656	0.201372533	0.0142075932
0.012516260100000003	0.205551311	0.0139952432
0.012802054	0.214341171	0.0137962088
0.0131028906	0.186378619	0.0128680999
0.013418768300000002	0.173635882	0.0128898469
0.013734646100000001	0.162678829	0.0131559106
0.0140505239	0.158563028	0.0135288123
0.014381443	0.162268845	0.0131470366
0.0147274047	0.161321876	0.0132810125
0.015073365	0.158965173	0.0133763135
0.0154193267	0.163811617	0.0134982097
0.0157803297	0.170973611	0.0130540728
0.016156375400000002	0.160682202	0.0131145066
0.0165324196	0.155600886	0.0131795801
0.0169084653	0.148766721	0.0132262478
0.017299552300000003	0.135068181	0.0127543699
0.017705680400000003	0.126302851	0.0130625907
0.0181118086	0.12021142	0.0136191711
0.0185329795	0.108151457	0.0135492078
0.0189691916	0.105934226	0.0139613775
0.019405403700000004	0.105843822	0.0145697464
0.0198566571	0.0987171535	0.0156999743
0.0203229532	0.0878841175	0.0171575256
0.020789249200000002	0.0855616442	0.018706522
0.021270586600000002	0.0749885044	0.0196927086
0.021766966600000003	0.0732866307	0.0220057773
0.0222633451	0.064379012	0.0247140936
0.0227747664	0.0653098441	0.0269057325
0.0233012304	0.041829986	0.0309561187
0.0238427341	0.0478423732	0.0358468015
0.024399280500000002	0.0420360148	0.0414842478
0.024970869700000002	0.050204403	0.0492555612
0.025557500100000005	0.0185239133	0.0689245269
