q[nm-1]	I(q)[sr-1]_rebin(no_smoothing,TAPBacetic38ACNphcn90C_eiger2_11997_sub.dat_00001_[sub(TAPBacetic38ACNphcn90C_eiger2_11997_ave.h5_00001_[AN_3_30_29_RXN_90C]-TAPBacetic38ACNphcn90C_eiger2_11907_av_ave.h5_00001_[AN_3_30_29_PRM_90C])],1,0.0050)	error
0.000212067761	120441.172	240.299973
0.000227109576	118641.039	156.019287
0.00024215136700000002	112212.141	126.731422
0.000257193157	105404.633	109.163498
0.000272234972	100548.469	97.55159
0.00028727676300000003	94566.8359	88.1024017
0.000302318553	89118.6797	80.6675949
0.00031736036800000003	82912.7422	73.7641449
0.00033240215900000005	77424.8047	67.745369
0.000347443949	72839.0	63.1724815
0.00036248576400000005	67816.6797	58.7251625
0.00037752755500000006	63402.7031	54.7685738
0.000392569369	58572.4336	50.8774529
0.00040761116	54527.2461	47.4809914
0.000422652951	50911.7773	44.6310997
0.00043769474100000005	46965.8867	41.7762146
0.000452736579	43247.082	39.1013222
0.00046777837000000006	39816.2969	36.6460762
0.000482820161	36866.0195	34.4145508
0.000497861952	33891.5664	32.3025284
0.0005129037420000001	31061.7383	30.2625237
0.0005279455330000001	28361.1055	28.2864723
0.000542987371	25889.5605	26.5321236
0.000558029162	23595.0664	24.8302689
0.0005730709530000001	21547.4512	23.367691
0.0005881127440000001	19621.2383	21.9157829
0.000603154534	17872.2559	20.5509167
0.000618196372	16238.9805	19.152832
0.000633238163	14774.6514	17.5213585
0.000648279954	13409.9863	16.1875229
0.0006633217450000001	12092.8672	15.0774031
0.000678363536	10930.9834	14.1713934
0.000693405326	9830.80078	13.2902794
0.0007084471640000001	8831.08496	12.4444828
0.0007234889550000001	7904.33691	11.6387711
0.000738530746	7071.05811	10.8751087
0.0007535725370000001	6316.50439	10.1707554
0.000768614328	5642.10986	9.52746677
0.0007836561650000001	5028.5127	8.90643406
0.000798697956	4460.71924	8.31166744
0.000813739747	3947.34521	7.74843693
0.0008287815380000001	3476.64258	7.20654678
0.000843823329	3064.85498	6.71891165
0.0008588651200000001	2699.61548	6.25709629
0.0008739069100000001	2364.05322	5.8164258
0.0008889487010000001	2068.50244	5.40443039
0.0009039905850000001	1802.54382	5.01258039
0.0009190323760000001	1580.75952	4.66832161
0.000934074167	1381.13074	4.33556747
0.000949115958	1192.61682	4.01513767
0.0009641577490000001	1021.3205	3.69720602
0.00097919954	884.989868	3.43072486
0.000994241331	767.553711	3.18939996
0.0010092831199999999	658.25061	2.9472084
0.0010243249100000001	566.462341	2.73115897
0.0010393667000000001	493.187592	2.55056715
0.0010544084900000002	424.479279	2.36952543
0.00106945038	365.526672	2.19817495
0.00108449217	321.387604	2.06447482
0.00109953396	279.444977	1.93032432
0.00111457575	249.796356	1.82814574
0.00112961754	225.651215	1.73653185
0.0011446593300000001	203.623001	1.65181541
0.0011597011200000001	187.851929	1.58689189
0.0011747429100000002	174.585205	1.52607071
0.00118978471	166.828476	1.48425889
0.0012048265000000002	159.900269	1.44831967
0.0012198682900000002	154.941269	1.41377056
0.00123491017	153.767014	1.39858007
0.00124995196	149.615265	1.36594558
0.00126499375	150.246689	1.35795367
0.0012800355400000001	147.603531	1.33216977
0.00129507734	149.315613	1.32836223
0.0013101191300000001	149.036087	1.31345439
0.0013251609200000002	149.525299	1.30542219
0.0013402027100000002	147.472061	1.28299701
0.0013552445	146.67717	1.27375925
0.00137028629	144.400696	1.2523874
0.00138532808	144.139206	1.24100137
0.0014003699600000001	140.394745	1.21608782
0.00141541176	136.376221	1.19410419
0.0014304535500000001	131.177322	1.1661284
0.0014454953400000001	125.307755	1.13658023
0.00146053713	118.250374	1.10529637
0.00147557892	113.193604	1.07815897
0.0014906207100000002	108.920746	1.05124319
0.0015056625000000002	103.205612	1.02324176
0.00152070429	97.6007462	0.993305206
0.00153574608	90.412262	0.955685496
0.00155078787	86.0273361	0.934739172
0.00156582966	80.035347	0.903074324
0.00158087146	74.1548996	0.871369362
0.00159591325	68.861084	0.840741992
0.00161095504	64.2909775	0.813956797
0.0016259968300000001	61.6072769	0.797408402
0.0016410386200000002	55.2665215	0.758469224
0.0016560806	51.4133224	0.737270713
0.0016711223899999999	48.9817963	0.720375776
0.0016861641800000001	44.9811249	0.694949865
0.00170120597	43.0721359	0.680607259
0.0017162477600000002	41.735611	0.668235064
0.0017312895500000002	40.8346939	0.657460928
0.00174633134	38.998951	0.644097745
0.0017613731300000002	38.0535927	0.633735895
0.00177641492	37.9944916	0.63006407
0.00179145671	37.4029083	0.620898783
0.00180649851	37.7454338	0.617437601
0.0018215403000000003	38.8959389	0.618860602
0.00183658209	39.151062	0.615076244
0.0018516238800000001	40.154808	0.618166208
0.00186666567	41.4036713	0.619616628
0.0018817074600000002	42.0833931	0.62377435
0.00189674925	43.0901566	0.634990633
0.0019117910400000002	44.8960648	0.644321263
0.00192683283	47.101368	0.655665398
0.00195691641	48.8002752	0.383210882
0.00200204197	51.5934512	0.388794867
0.00204716735	53.4319331	0.390098775
0.00209229272	51.9495926	0.372375533
0.0021374180900000004	50.7633667	0.359397072
0.00218254346	48.2982267	0.345446597
0.00222766884	44.0772845	0.327756742
0.00227279421	41.2630705	0.314072763
0.0023179197700000003	36.5328598	0.294306699
0.00236304514	33.2462374	0.279749192
0.00240817051	29.703242	0.264308539
0.00245329589	27.2011693	0.252263952
0.00249842126	24.7208506	0.240265277
0.0025435466300000003	23.7092787	0.233122655
0.002588672	23.1062355	0.227309546
0.00264883935	22.7289684	0.171819096
0.0027240483100000002	22.8866073	0.168522183
0.00279925726	22.8207996	0.169266413
0.00287446622	22.5633407	0.168791579
0.0029496751700000003	21.0977325	0.164526797
0.00302488431	18.6537289	0.156321129
0.00310009327	16.2088215	0.147690857
0.0031753022200000005	13.8652887	0.139098723
0.0032505113600000005	11.414785	0.129673664
0.00332572013	10.0513821	0.122871057
0.0034009292700000002	9.01433372	0.113376457
0.0034761384100000002	8.41313248	0.107631265
0.0035513471800000004	7.47310972	0.101684763
0.0036265563200000004	7.34895763	0.0990505237
0.0037017650899999997	6.75433626	0.0951138658
0.00377697423	6.12883167	0.091025021
0.00385218337	5.55638886	0.0872820779
0.00394243412	4.5473156	0.0693466309
0.0040477264700000005	3.7141538	0.0647403997
0.00415301919	3.16397728	0.0614419772
0.00425831191	2.76033487	0.0585918299
0.00436360426	2.52599897	0.056593957
0.00446889699	2.37036068	0.0546569098
0.00457418971	2.22999805	0.0530512858
0.00467948206	2.164558	0.0516718961
0.004784774780000001	1.92152342	0.0497533352
0.0048900675	1.80533998	0.0485229371
0.0049953598500000005	1.80772061	0.0481109922
0.00510065258	1.75189524	0.0485427684
0.0052059453000000006	1.70725272	0.0482556863
0.00532627963	1.60556299	0.0421073624
0.00546165593	1.52991853	0.0413494014
0.005597031860000001	1.36502539	0.0397372808
0.005732408170000001	1.30535514	0.0380726914
0.005867784470000001	1.24448953	0.0369650701
0.006003160400000001	1.18283461	0.0360622856
0.00613853671	1.08349558	0.0351512592
0.0062739126400000005	1.05345458	0.0344023924
0.0064092889400000005	1.04176172	0.0337533357
0.00655970722	0.998876095	0.0298749911
0.006725166740000001	0.981557798	0.0292544335
0.006890627000000001	0.952142813	0.0286611437
0.00705608651	0.927959681	0.0280902195
0.0072215460200000005	0.927484697	0.0276798653
0.00738700628	0.855802758	0.0270607373
0.0075524658	0.866107301	0.026678595
0.00771792531	0.793490475	0.0261068599
0.007898427550000002	0.745783054	0.023585183
0.008093971010000001	0.703020541	0.0231105183
0.00828951374	0.623292061	0.022610554
0.0084850572	0.607243767	0.0222315839
0.00868060067	0.575863242	0.0218178664
0.00887614414	0.527312556	0.0213803629
0.00907168761	0.507541028	0.0210555461
0.009282273050000001	0.467930267	0.0192486154
0.00950789973	0.426775062	0.0188815597
0.00973352715	0.393477313	0.0185585662
0.009959153830000001	0.368365173	0.0182502728
0.0101847805	0.338693502	0.0179850542
0.010410407900000002	0.315972614	0.0177223061
0.010651076600000002	0.294316818	0.0163735708
0.0109067872	0.273092605	0.0160871499
0.0111624978	0.251379769	0.0161050518
0.0114182085	0.241610212	0.0162636021
0.011673919100000001	0.225266951	0.0161073029
0.011944671	0.214629344	0.0147571402
0.0122304656	0.20954276	0.0144736921
0.012516260100000003	0.201189596	0.0142353814
0.012802054	0.216092124	0.0140406346
0.0131028906	0.191062709	0.0131021791
0.013418768300000002	0.171430066	0.0131122919
0.013734646100000001	0.165726412	0.0133910833
0.0140505239	0.154210113	0.0137613043
0.014381443	0.15582135	0.0133732487
0.0147274047	0.153560342	0.0135001042
0.015073365	0.168615559	0.0136281378
0.0154193267	0.173743127	0.0137552859
0.0157803297	0.17498385	0.0132916673
0.016156375400000002	0.176636204	0.0133755273
0.0165324196	0.164891091	0.0134292549
0.0169084653	0.151770041	0.0134688887
0.017299552300000003	0.142823122	0.0129909822
0.017705680400000003	0.128014755	0.0133008488
0.0181118086	0.123606127	0.0138685211
0.0185329795	0.122004024	0.0138143159
0.0189691916	0.112603168	0.0142224403
0.019405403700000004	0.115294527	0.014849551
0.0198566571	0.102473525	0.0159893151
0.0203229532	0.0920612899	0.0174750801
0.020789249200000002	0.088534511	0.019050047
0.021270586600000002	0.0776588548	0.0200558191
0.021766966600000003	0.0663670079	0.0223780959
0.0222633451	0.0732485004	0.0251960009
0.0227747664	0.0649914835	0.0273948527
0.0233012304	0.0643449564	0.0316014251
0.0238427341	0.0567127814	0.0365316906
0.024399280500000002	0.0501488137	0.0422944361
0.024970869700000002	0.0467059226	0.0501218958
0.025557500100000005	0.0252416733	0.0702259386
