q[nm-1]	I(q)[sr-1]_rebin(no_smoothing,TAPBacetic38ACNphcn90C_eiger2_12159_sub.dat_00001_[sub(TAPBacetic38ACNphcn90C_eiger2_12159_ave.h5_00001_[AN_3_30_29_RXN_90C]-TAPBacetic38ACNphcn90C_eiger2_11907_av_ave.h5_00001_[AN_3_30_29_PRM_90C])],1,0.0050)	error
0.000212067761	157640.641	265.942871
0.000227109576	140543.016	165.727585
0.00024215136700000002	129095.68	133.342529
0.000257193157	119243.039	114.205887
0.000272234972	111831.797	101.237541
0.00028727676300000003	104830.992	91.2529144
0.000302318553	98070.1328	83.1714172
0.00031736036800000003	91723.4531	76.3684616
0.00033240215900000005	85232.9375	69.9900665
0.000347443949	78939.8906	64.7267456
0.00036248576400000005	72982.2656	59.9471931
0.00037752755500000006	67751.1406	55.6918564
0.000392569369	62687.6602	51.8406143
0.00040761116	57847.5664	48.1309013
0.000422652951	53074.6367	44.8274078
0.00043769474100000005	48620.7148	41.8459511
0.000452736579	44520.082	39.0604439
0.00046777837000000006	40717.1875	36.5097771
0.000482820161	37267.6094	34.0748596
0.000497861952	33969.6758	31.8474483
0.0005129037420000001	30876.959	29.7171383
0.0005279455330000001	27894.8398	27.6375198
0.000542987371	25250.2773	25.8184586
0.000558029162	22774.2617	24.033514
0.0005730709530000001	20461.0	22.4227867
0.0005881127440000001	18401.1855	20.9119263
0.000603154534	16457.8379	19.4304218
0.000618196372	14747.75	17.9927959
0.000633238163	13279.7549	16.3756199
0.000648279954	11839.1875	14.9932175
0.0006633217450000001	10500.7412	13.8675308
0.000678363536	9285.23145	12.8831053
0.000693405326	8207.73438	11.9903688
0.0007084471640000001	7223.90771	11.1159143
0.0007234889550000001	6338.34717	10.2949877
0.000738530746	5554.19629	9.52728844
0.0007535725370000001	4845.16602	8.80565071
0.000768614328	4230.01123	8.1602459
0.0007836561650000001	3664.58765	7.52787018
0.000798697956	3171.43677	6.95170259
0.000813739747	2727.57568	6.39550066
0.0008287815380000001	2335.40723	5.87555742
0.000843823329	1998.93799	5.41019058
0.0008588651200000001	1707.14404	4.96435356
0.0008739069100000001	1458.88489	4.57116652
0.0008889487010000001	1244.78027	4.20451593
0.0009039905850000001	1066.54004	3.87978816
0.0009190323760000001	897.871155	3.55025101
0.000934074167	766.444885	3.27222347
0.000949115958	656.741028	3.02522016
0.0009641577490000001	563.299866	2.80099583
0.00097919954	490.227325	2.61347699
0.000994241331	429.723816	2.44300675
0.0010092831199999999	384.856079	2.31225872
0.0010243249100000001	345.33902	2.18756986
0.0010393667000000001	320.272339	2.09808946
0.0010544084900000002	304.730591	2.03722358
0.00106945038	290.783875	1.97360265
0.00108449217	284.469849	1.93370581
0.00109953396	277.528076	1.89660835
0.00111457575	274.444763	1.86718369
0.00112961754	276.095947	1.85126889
0.0011446593300000001	279.483398	1.84135842
0.0011597011200000001	287.029419	1.84534776
0.0011747429100000002	289.966156	1.83698225
0.00118978471	292.978943	1.8246516
0.0012048265000000002	294.734253	1.81441927
0.0012198682900000002	297.928375	1.81114972
0.00123491017	296.445496	1.78640711
0.00124995196	298.759308	1.77910817
0.00126499375	293.482788	1.74769437
0.0012800355400000001	288.656189	1.72253656
0.00129507734	284.701813	1.70018649
0.0013101191300000001	277.603851	1.66603541
0.0013251609200000002	270.978638	1.63998663
0.0013402027100000002	260.612305	1.59586382
0.0013552445	249.89595	1.55933201
0.00137028629	237.845032	1.51224649
0.00138532808	226.655533	1.46845186
0.0014003699600000001	215.763367	1.43144834
0.00141541176	202.593658	1.38070297
0.0014304535500000001	189.541031	1.33227468
0.0014454953400000001	178.561462	1.29346025
0.00146053713	164.944351	1.2394805
0.00147557892	152.448471	1.19239748
0.0014906207100000002	140.819977	1.14492095
0.0015056625000000002	130.689407	1.1061058
0.00152070429	120.258087	1.05944896
0.00153574608	112.641922	1.02601683
0.00155078787	103.474083	0.9845801
0.00156582966	98.1650696	0.958898783
0.00158087146	91.4529572	0.926386654
0.00159591325	85.7787781	0.895227492
0.00161095504	83.1706696	0.88153249
0.0016259968300000001	77.7220154	0.852494478
0.0016410386200000002	75.1447144	0.833925605
0.0016560806	75.1202469	0.829526186
0.0016711223899999999	74.6732941	0.821077108
0.0016861641800000001	74.154953	0.814468503
0.00170120597	73.4938812	0.806395292
0.0017162477600000002	73.4705124	0.799865067
0.0017312895500000002	76.9560394	0.807656765
0.00174633134	79.3267441	0.811805904
0.0017613731300000002	80.9338684	0.81302166
0.00177641492	81.8927536	0.811333895
0.00179145671	84.5126114	0.81721735
0.00180649851	86.8053589	0.81982559
0.0018215403000000003	89.1446686	0.823610604
0.00183658209	89.8923035	0.822451472
0.0018516238800000001	90.7354202	0.821878791
0.00186666567	93.8731766	0.829880118
0.0018817074600000002	93.2817154	0.828536868
0.00189674925	93.9928436	0.841068149
0.0019117910400000002	94.0383453	0.842485368
0.00192683283	95.4002304	0.848977208
0.00195691641	94.5528921	0.488479134
0.00200204197	91.3979136	0.480181689
0.00204716735	84.3396683	0.461055811
0.00209229272	76.1667277	0.426182601
0.0021374180900000004	66.9457041	0.394478222
0.00218254346	58.3970871	0.36630341
0.00222766884	50.217968	0.339194678
0.00227279421	42.8989716	0.313375417
0.0023179197700000003	37.4749018	0.292596056
0.00236304514	32.6959845	0.273472457
0.00240817051	29.9034093	0.260968319
0.00245329589	28.312561	0.251847275
0.00249842126	27.5581106	0.245191487
0.0025435466300000003	26.5109253	0.238365769
0.002588672	26.3041134	0.234060017
0.00264883935	25.6643051	0.176270772
0.0027240483100000002	24.2283516	0.169132671
0.00279925726	21.6223843	0.163416053
0.00287446622	17.9945175	0.153694753
0.0029496751700000003	14.9295435	0.143951122
0.00302488431	12.3050898	0.134703676
0.00310009327	10.111993	0.12566099
0.0031753022200000005	8.61787109	0.119191267
0.0032505113600000005	8.16526184	0.115949106
0.00332572013	7.55388928	0.111584034
0.0034009292700000002	7.38102531	0.105560213
0.0034761384100000002	6.98283815	0.100612644
0.0035513471800000004	6.39036951	0.0961599429
0.0036265563200000004	5.61133995	0.0909745278
0.0037017650899999997	4.79006233	0.0860847231
0.00377697423	4.50051336	0.0832857774
0.00385218337	4.43798313	0.0813630861
0.00394243412	4.30664608	0.0670848013
0.0040477264700000005	4.30921841	0.0654564879
0.00415301919	4.13822467	0.0635424922
0.00425831191	3.97545242	0.0614939964
0.00436360426	3.72045588	0.0594570021
0.00446889699	3.41710585	0.0571103189
0.00457418971	3.2137911	0.0553637216
0.00467948206	3.04428775	0.0535617831
0.004784774780000001	2.87785248	0.052050217
0.0048900675	2.69369132	0.0505413858
0.0049953598500000005	2.32951794	0.0488893808
0.00510065258	2.03198596	0.0484517326
0.0052059453000000006	1.81279555	0.0476102819
0.00532627963	1.58002704	0.0410463134
0.00546165593	1.42912265	0.0400425572
0.005597031860000001	1.28356156	0.03856662
0.005732408170000001	1.12830465	0.0365822616
0.005867784470000001	1.04082553	0.0354220306
0.006003160400000001	0.951128211	0.0344915483
0.00613853671	0.936987824	0.0337987889
0.0062739126400000005	0.938376997	0.0332448407
0.0064092889400000005	0.903735717	0.0325070452
0.00655970722	0.899609707	0.0288761621
0.006725166740000001	0.932239077	0.0283970692
0.006890627000000001	0.956823198	0.0279790312
0.00705608651	0.953247774	0.0274957862
0.0072215460200000005	0.991223661	0.0271743726
0.00738700628	0.976403475	0.0267179483
0.0075524658	0.969319528	0.0263014371
0.00771792531	0.884493589	0.0257110584
0.007898427550000002	0.805994148	0.0231260393
0.008093971010000001	0.709503848	0.0225563472
0.00828951374	0.638060693	0.0220720309
0.0084850572	0.589310435	0.0216145169
0.00868060067	0.551673101	0.0212150738
0.00887614414	0.517009077	0.0208156747
0.00907168761	0.473849634	0.020432959
0.009282273050000001	0.44510383	0.01870957
0.00950789973	0.423679642	0.0183839457
0.00973352715	0.396254516	0.0180725256
0.009959153830000001	0.363921485	0.0177644621
0.0101847805	0.338022085	0.0175039373
0.010410407900000002	0.309352535	0.0172427369
0.010651076600000002	0.289200252	0.0159388761
0.0109067872	0.27896683	0.0156778194
0.0111624978	0.261305187	0.0156908628
0.0114182085	0.248043374	0.0158458638
0.011673919100000001	0.220100275	0.0156623874
0.011944671	0.213033812	0.0143619725
0.0122304656	0.204655445	0.0140785566
0.012516260100000003	0.200138392	0.0138509923
0.012802054	0.228793688	0.0136875464
0.0131028906	0.186570243	0.01274477
0.013418768300000002	0.171318033	0.0127573072
0.013734646100000001	0.16448703	0.013031035
0.0140505239	0.15916525	0.0133965833
0.014381443	0.162536943	0.0130243114
0.0147274047	0.159870326	0.0131499704
0.015073365	0.172546304	0.0132707044
0.0154193267	0.169225603	0.0133764065
0.0157803297	0.177379816	0.0129397022
0.016156375400000002	0.166430752	0.0129965212
0.0165324196	0.163628154	0.0130658644
0.0169084653	0.15039703	0.0131022686
0.017299552300000003	0.142213179	0.012639626
0.017705680400000003	0.132159328	0.0129490205
0.0181118086	0.121548319	0.0134866441
0.0185329795	0.118218033	0.0134339159
0.0189691916	0.116244386	0.0138441593
0.019405403700000004	0.112306177	0.0144436652
0.0198566571	0.109049471	0.0155655346
0.0203229532	0.0925821217	0.016998759
0.020789249200000002	0.0827172337	0.0185168564
0.021270586600000002	0.0757942645	0.0195040515
0.021766966600000003	0.08084034	0.0218129468
0.0222633451	0.0641680499	0.0244706954
0.0227747664	0.0550641059	0.0266073422
0.0233012304	0.0519320342	0.0306920902
0.0238427341	0.05617426	0.0355356746
0.024399280500000002	0.0446483246	0.0410810418
0.024970869700000002	0.0505824654	0.0488191206
0.025557500100000005	0.042147831	0.0684772664
