q[nm-1]	I(q)[sr-1]_rebin(no_smoothing,TAPBacetic38ACNphcn90C_eiger2_12364_sub.dat_00001_[sub(TAPBacetic38ACNphcn90C_eiger2_12364_ave.h5_00001_[AN_3_30_29_RXN_90C]-TAPBacetic38ACNphcn90C_eiger2_11907_av_ave.h5_00001_[AN_3_30_29_PRM_90C])],1,0.0050)	error
0.000212067761	154637.531	264.894806
0.000227109576	132467.219	161.937012
0.00024215136700000002	119984.758	129.448837
0.000257193157	110916.562	110.817711
0.000272234972	102536.719	97.544281
0.00028727676300000003	95028.1172	87.4503174
0.000302318553	88429.9219	79.4680328
0.00031736036800000003	82292.2188	72.7699509
0.00033240215900000005	75910.3203	66.4281921
0.000347443949	69988.6641	61.3107414
0.00036248576400000005	64581.8008	56.7786636
0.00037752755500000006	59330.6133	52.4151077
0.000392569369	54562.6914	48.6528206
0.00040761116	50123.0234	45.0921288
0.000422652951	45789.7383	41.9107399
0.00043769474100000005	41737.2969	39.0296783
0.000452736579	37841.9922	36.22509
0.00046777837000000006	34339.168	33.7389297
0.000482820161	31213.4199	31.3944302
0.000497861952	28123.541	29.1555901
0.0005129037420000001	25401.7461	27.1242924
0.0005279455330000001	22935.3086	25.2330189
0.000542987371	20586.9668	23.4731102
0.000558029162	18440.9648	21.781662
0.0005730709530000001	16483.7188	20.2721691
0.0005881127440000001	14709.4111	18.8343983
0.000603154534	13082.1465	17.4529858
0.000618196372	11632.3184	16.1005573
0.000633238163	10340.7637	14.5633221
0.000648279954	9174.27832	13.3107424
0.0006633217450000001	8110.72314	12.2871723
0.000678363536	7137.18408	11.3933802
0.000693405326	6262.99219	10.5670252
0.0007084471640000001	5471.25098	9.76150513
0.0007234889550000001	4800.4165	9.05237103
0.000738530746	4201.40479	8.37513256
0.0007535725370000001	3662.1499	7.74245644
0.000768614328	3206.78711	7.1848731
0.0007836561650000001	2805.92505	6.66864681
0.000798697956	2457.97168	6.19382811
0.000813739747	2167.51074	5.77087355
0.0008287815380000001	1907.45117	5.36854362
0.000843823329	1692.6781	5.03170347
0.0008588651200000001	1502.35608	4.70302582
0.0008739069100000001	1360.63013	4.44842434
0.0008889487010000001	1239.09863	4.21126842
0.0009039905850000001	1133.23657	4.00059843
0.0009190323760000001	1058.43726	3.84105134
0.000934074167	1004.79791	3.70725656
0.000949115958	955.825378	3.59222841
0.0009641577490000001	915.715149	3.48056293
0.00097919954	896.502441	3.41813493
0.000994241331	878.225098	3.35107255
0.0010092831199999999	877.200317	3.31771874
0.0010243249100000001	878.334473	3.2909832
0.0010393667000000001	876.164307	3.25820565
0.0010544084900000002	875.640869	3.22885633
0.00106945038	877.209961	3.20013642
0.00108449217	882.26062	3.18229723
0.00109953396	883.147888	3.15561175
0.00111457575	892.266479	3.1453011
0.00112961754	892.74054	3.1174202
0.0011446593300000001	884.246033	3.07721949
0.0011597011200000001	872.972046	3.03486896
0.0011747429100000002	866.354736	3.00610995
0.00118978471	852.444763	2.95638776
0.0012048265000000002	838.999939	2.91261244
0.0012198682900000002	824.726685	2.86862993
0.00123491017	799.173828	2.80672336
0.00124995196	769.313232	2.73703146
0.00126499375	742.13855	2.67045546
0.0012800355400000001	708.991394	2.59480762
0.00129507734	677.996338	2.52236819
0.0013101191300000001	651.002502	2.45922399
0.0013251609200000002	611.750793	2.37298298
0.0013402027100000002	576.160889	2.29133606
0.0013552445	540.703552	2.21163368
0.00137028629	505.099701	2.12667227
0.00138532808	468.524719	2.03893065
0.0014003699600000001	430.586212	1.95026672
0.00141541176	396.389557	1.86597955
0.0014304535500000001	364.066681	1.78300393
0.0014454953400000001	330.687164	1.69368982
0.00146053713	300.769684	1.61464417
0.00147557892	269.932739	1.52765083
0.0014906207100000002	243.577881	1.44887841
0.0015056625000000002	219.005051	1.37667358
0.00152070429	196.124939	1.30282176
0.00153574608	176.549606	1.23742628
0.00155078787	157.060043	1.16994381
0.00156582966	140.211304	1.10980868
0.00158087146	124.543129	1.05005419
0.00159591325	112.618164	1.00263643
0.00161095504	101.009888	0.951897681
0.0016259968300000001	93.2112427	0.918339074
0.0016410386200000002	85.4179688	0.879640698
0.0016560806	78.8145981	0.846697748
0.0016711223899999999	75.6250916	0.829930067
0.0016861641800000001	71.8155518	0.808156252
0.00170120597	69.1072311	0.792243302
0.0017162477600000002	66.6701584	0.775907457
0.0017312895500000002	65.15065	0.762122214
0.00174633134	64.5277786	0.756396651
0.0017613731300000002	63.7276154	0.746474981
0.00177641492	64.1963577	0.745331466
0.00179145671	64.0891266	0.737837911
0.00180649851	65.3896332	0.741037905
0.0018215403000000003	63.6464119	0.725742638
0.00183658209	64.9182053	0.72956574
0.0018516238800000001	63.8815765	0.719743252
0.00186666567	63.2458572	0.71273458
0.0018817074600000002	63.4787941	0.71562463
0.00189674925	62.4518547	0.717283547
0.0019117910400000002	62.7016563	0.721677601
0.00192683283	61.8641663	0.716121197
0.00195691641	58.5297305	0.405738955
0.00200204197	52.2939275	0.386693586
0.00204716735	46.2733332	0.366389805
0.00209229272	40.2349599	0.33539343
0.0021374180900000004	34.985658	0.310641849
0.00218254346	30.9878317	0.291864303
0.00222766884	28.2961718	0.276868893
0.00227279421	27.4155356	0.268850124
0.0023179197700000003	27.4999847	0.263467954
0.00236304514	29.3735542	0.265055854
0.00240817051	30.2305908	0.263422676
0.00245329589	31.754612	0.263659569
0.00249842126	32.6672186	0.261987938
0.0025435466300000003	33.0811679	0.259713961
0.002588672	33.0837339	0.255448887
0.00264883935	31.2789597	0.190460435
0.0027240483100000002	27.7014442	0.178193847
0.00279925726	23.3747738	0.168864194
0.00287446622	19.5256996	0.158720568
0.0029496751700000003	16.3006979	0.148718745
0.00302488431	14.2994227	0.141742128
0.00310009327	13.3704824	0.137208891
0.0031753022200000005	12.1457174	0.131987606
0.0032505113600000005	11.6167702	0.128737529
0.00332572013	10.3152647	0.122397423
0.0034009292700000002	9.0842762	0.112318056
0.0034761384100000002	7.6106143	0.103518499
0.0035513471800000004	6.39784765	0.0967124319
0.0036265563200000004	5.38073349	0.0907337087
0.0037017650899999997	5.04086943	0.0876713958
0.00377697423	4.72243195	0.0847200671
0.00385218337	4.79914379	0.0832933531
0.00394243412	4.8364548	0.0692230152
0.0040477264700000005	4.70073121	0.0671754254
0.00415301919	4.40252277	0.0647638803
0.00425831191	4.27374118	0.0629005379
0.00436360426	4.08046624	0.0609541245
0.00446889699	3.97385015	0.0592825539
0.00457418971	3.70364326	0.0572564926
0.00467948206	3.36271075	0.0550416983
0.004784774780000001	2.98815216	0.0526662638
0.0048900675	2.53340119	0.0502617999
0.0049953598500000005	2.05665222	0.0483380843
0.00510065258	1.85599465	0.0481496872
0.0052059453000000006	1.71824453	0.0475825666
0.00532627963	1.55929705	0.0412573347
0.00546165593	1.36313723	0.0401148947
0.005597031860000001	1.27902972	0.0388722264
0.005732408170000001	1.17581489	0.0370279638
0.005867784470000001	1.19097625	0.0362140588
0.006003160400000001	1.13364763	0.0353556473
0.00613853671	1.06368108	0.0345078608
0.0062739126400000005	1.01410378	0.0337380694
0.0064092889400000005	1.0682232	0.0333126141
0.00655970722	0.976629213	0.0292959545
0.006725166740000001	0.966166145	0.0287132969
0.006890627000000001	0.996041384	0.0283135969
0.00705608651	0.967343639	0.0277672042
0.0072215460200000005	0.964077636	0.0273115019
0.00738700628	0.924536559	0.0268026631
0.0075524658	0.923449278	0.0263845197
0.00771792531	0.833112803	0.0257789999
0.007898427550000002	0.777374135	0.023251685
0.008093971010000001	0.716415332	0.0227620867
0.00828951374	0.637590803	0.0222494394
0.0084850572	0.589874295	0.0218189555
0.00868060067	0.553650228	0.0213928159
0.00887614414	0.503330249	0.0209557676
0.00907168761	0.486091116	0.0206454428
0.009282273050000001	0.439136253	0.0188491974
0.00950789973	0.416468914	0.018531793
0.00973352715	0.396892613	0.0182400216
0.009959153830000001	0.361323474	0.0179094038
0.0101847805	0.33304804	0.0176468352
0.010410407900000002	0.309969713	0.0173895091
0.010651076600000002	0.297884587	0.0160892304
0.0109067872	0.274422099	0.015803256
0.0111624978	0.252265442	0.0158156874
0.0114182085	0.234843769	0.0159557137
0.011673919100000001	0.232613274	0.0158224421
0.011944671	0.218847639	0.0144972853
0.0122304656	0.211799013	0.0142144459
0.012516260100000003	0.198763189	0.0139710994
0.012802054	0.2179375	0.0137879505
0.0131028906	0.185223497	0.0128549301
0.013418768300000002	0.169839969	0.0128696978
0.013734646100000001	0.159095146	0.0131368928
0.0140505239	0.166270953	0.0135280648
0.014381443	0.154371173	0.0131218738
0.0147274047	0.155645172	0.0132590441
0.015073365	0.166892645	0.0133779903
0.0154193267	0.170830533	0.0134970835
0.0157803297	0.167269883	0.0130371048
0.016156375400000002	0.167065375	0.0131123678
0.0165324196	0.159139529	0.0131708187
0.0169084653	0.151790755	0.0132204542
0.017299552300000003	0.140374596	0.0127485339
0.017705680400000003	0.124831049	0.0130502193
0.0181118086	0.122263095	0.0136076623
0.0185329795	0.113180101	0.0135445291
0.0189691916	0.111068035	0.0139562251
0.019405403700000004	0.104055067	0.0145572109
0.0198566571	0.0966395816	0.0156790213
0.0203229532	0.0946988648	0.0171582908
0.020789249200000002	0.0897061639	0.0187022781
0.021270586600000002	0.0742293282	0.0196767252
0.021766966600000003	0.0704642316	0.0219775391
0.0222633451	0.0686249363	0.0247045789
0.0227747664	0.0584139063	0.0268548688
0.0233012304	0.0492288115	0.030969154
0.0238427341	0.053682333	0.035844092
0.024399280500000002	0.0523806052	0.0415092681
0.024970869700000002	0.0365543906	0.0491271693
0.025557500100000005	0.042094898	0.069074476
