q[nm-1]	I(q)[sr-1]_rebin(no_smoothing,TAPBacetic38ACNphcn90C_eiger2_12164_sub.dat_00001_[sub(TAPBacetic38ACNphcn90C_eiger2_12164_ave.h5_00001_[AN_3_30_29_RXN_90C]-TAPBacetic38ACNphcn90C_eiger2_11907_av_ave.h5_00001_[AN_3_30_29_PRM_90C])],1,0.0050)	error
0.000212067761	158261.922	265.902283
0.000227109576	140831.859	165.785187
0.00024215136700000002	128301.648	132.687576
0.000257193157	119787.719	114.258041
0.000272234972	112289.922	101.272629
0.00028727676300000003	104659.945	91.0495377
0.000302318553	97770.4688	82.9709244
0.00031736036800000003	90859.4766	75.8927002
0.00033240215900000005	84662.4844	69.6572266
0.000347443949	78921.7812	64.6423492
0.00036248576400000005	73153.4922	59.9871445
0.00037752755500000006	67525.5469	55.5216637
0.000392569369	62329.293	51.6251335
0.00040761116	57483.875	47.914135
0.000422652951	52954.4258	44.7447357
0.00043769474100000005	48448.7344	41.7236023
0.000452736579	44420.9648	38.9608078
0.00046777837000000006	40526.2305	36.3573189
0.000482820161	37094.7227	33.9426918
0.000497861952	33746.8125	31.7038288
0.0005129037420000001	30480.0176	29.4827175
0.0005279455330000001	27643.0918	27.4805088
0.000542987371	24968.9473	25.6357594
0.000558029162	22512.457	23.8639355
0.0005730709530000001	20338.7168	22.333662
0.0005881127440000001	18279.2012	20.8164806
0.000603154534	16334.209	19.327116
0.000618196372	14654.6826	17.9226284
0.000633238163	13109.0791	16.2484264
0.000648279954	11709.7168	14.896697
0.0006633217450000001	10436.1279	13.8092537
0.000678363536	9225.2373	12.8248348
0.000693405326	8136.76074	11.9206972
0.0007084471640000001	7151.61426	11.0418482
0.0007234889550000001	6264.90479	10.2235136
0.000738530746	5495.08936	9.47063446
0.0007535725370000001	4789.14502	8.74922371
0.000768614328	4171.34863	8.09594154
0.0007836561650000001	3615.43896	7.47011137
0.000798697956	3122.0874	6.8927865
0.000813739747	2674.68188	6.32602978
0.0008287815380000001	2312.98242	5.84434032
0.000843823329	1978.77368	5.37516594
0.0008588651200000001	1692.27075	4.94068336
0.0008739069100000001	1436.01379	4.5307622
0.0008889487010000001	1218.51819	4.15591717
0.0009039905850000001	1040.10461	3.82774734
0.0009190323760000001	894.916382	3.54445839
0.000934074167	756.890015	3.25015402
0.000949115958	642.680481	2.99535847
0.0009641577490000001	558.0224	2.78749824
0.00097919954	489.670258	2.60807157
0.000994241331	428.133728	2.43513584
0.0010092831199999999	381.446198	2.29944277
0.0010243249100000001	346.818359	2.1895268
0.0010393667000000001	324.902252	2.10944724
0.0010544084900000002	304.367126	2.02716088
0.00106945038	292.816315	1.97757649
0.00108449217	285.896851	1.93680704
0.00109953396	285.303894	1.91678309
0.00111457575	284.063507	1.88904107
0.00112961754	286.096039	1.87645388
0.0011446593300000001	287.594116	1.86269093
0.0011597011200000001	291.353516	1.85233331
0.0011747429100000002	300.148285	1.86343455
0.00118978471	301.167816	1.84315372
0.0012048265000000002	302.576965	1.83280039
0.0012198682900000002	305.949463	1.82703924
0.00123491017	305.613464	1.80894196
0.00124995196	304.373474	1.79275048
0.00126499375	299.884247	1.7619853
0.0012800355400000001	295.938538	1.73616827
0.00129507734	292.898956	1.71815455
0.0013101191300000001	286.583435	1.68732965
0.0013251609200000002	277.588745	1.65346384
0.0013402027100000002	263.457733	1.59947407
0.0013552445	252.939987	1.56385219
0.00137028629	241.760986	1.52219212
0.00138532808	230.904282	1.47889316
0.0014003699600000001	219.017761	1.43527281
0.00141541176	207.939514	1.3976413
0.0014304535500000001	190.469864	1.33002651
0.0014454953400000001	181.86676	1.30094373
0.00146053713	166.477005	1.24176586
0.00147557892	154.602875	1.19670212
0.0014906207100000002	144.604752	1.1560353
0.0015056625000000002	133.541794	1.11130369
0.00152070429	124.459167	1.07517123
0.00153574608	113.365936	1.02566957
0.00155078787	108.374229	1.00391138
0.00156582966	98.9262619	0.958897173
0.00158087146	92.2073059	0.929932594
0.00159591325	86.6979065	0.899209917
0.00161095504	84.0138092	0.882694721
0.0016259968300000001	80.633873	0.86364466
0.0016410386200000002	77.8433838	0.844792306
0.0016560806	74.683754	0.825612962
0.0016711223899999999	75.2508163	0.822717011
0.0016861641800000001	76.0788498	0.820038736
0.00170120597	75.7225876	0.813366711
0.0017162477600000002	76.2542725	0.810840607
0.0017312895500000002	77.3875732	0.806783795
0.00174633134	81.4493866	0.820749998
0.0017613731300000002	81.8815079	0.813491285
0.00177641492	85.3812408	0.826792896
0.00179145671	85.8258972	0.820012569
0.00180649851	88.9200439	0.828264892
0.0018215403000000003	91.0526428	0.831079841
0.00183658209	91.8807449	0.829565346
0.0018516238800000001	93.0096664	0.828488767
0.00186666567	95.005455	0.833035111
0.0018817074600000002	95.3702469	0.835308254
0.00189674925	98.6166534	0.855837107
0.0019117910400000002	97.1862335	0.85210079
0.00192683283	96.5308304	0.851501644
0.00195691641	95.566569	0.489719605
0.00200204197	91.849912	0.480533584
0.00204716735	85.4087423	0.46235176
0.00209229272	76.8890813	0.427556279
0.0021374180900000004	67.6740748	0.395714835
0.00218254346	57.6391601	0.363515258
0.00222766884	49.9503352	0.337921878
0.00227279421	42.5910822	0.31218252
0.0023179197700000003	36.5115191	0.289512374
0.00236304514	32.4104964	0.272330786
0.00240817051	30.0209974	0.261072723
0.00245329589	27.8931681	0.250007791
0.00249842126	27.283797	0.243842243
0.0025435466300000003	26.5431646	0.238158183
0.002588672	25.9323063	0.232187467
0.00264883935	25.277401	0.175091941
0.0027240483100000002	23.681044	0.167671471
0.00279925726	20.7940331	0.160827845
0.00287446622	17.6362873	0.152536737
0.0029496751700000003	14.4726057	0.142422672
0.00302488431	11.7746485	0.132788523
0.00310009327	9.83869249	0.124370035
0.0031753022200000005	8.63166885	0.119011381
0.0032505113600000005	7.97224112	0.115359589
0.00332572013	7.32914295	0.110848861
0.0034009292700000002	7.25788403	0.104758162
0.0034761384100000002	6.82323218	0.0999547678
0.0035513471800000004	6.20823164	0.0953760203
0.0036265563200000004	5.71391792	0.0911581685
0.0037017650899999997	5.07778005	0.0871622945
0.00377697423	4.71083708	0.0840081749
0.00385218337	4.42622909	0.0813200356
0.00394243412	4.241089	0.0668507078
0.0040477264700000005	4.20857171	0.0650314412
0.00415301919	4.16248914	0.0634855899
0.00425831191	3.94709345	0.0613098042
0.00436360426	3.58872683	0.0588712271
0.00446889699	3.35533227	0.0567837533
0.00457418971	3.15895108	0.0549846886
0.00467948206	3.00142383	0.0533686416
0.004784774780000001	2.92312704	0.0519961556
0.0048900675	2.59853908	0.0501145079
0.0049953598500000005	2.3151568	0.0487753225
0.00510065258	2.00721116	0.0482454969
0.0052059453000000006	1.79412057	0.0474822486
0.00532627963	1.55517784	0.0408893226
0.00546165593	1.39023072	0.0398079077
0.005597031860000001	1.27409461	0.0384893815
0.005732408170000001	1.11533029	0.0364879826
0.005867784470000001	1.07474022	0.0354566539
0.006003160400000001	0.97910234	0.0344977227
0.00613853671	0.913884931	0.0336945786
0.0062739126400000005	0.924975912	0.0330893359
0.0064092889400000005	0.930948602	0.0325392418
0.00655970722	0.933704978	0.0288782304
0.006725166740000001	0.950145332	0.028406145
0.006890627000000001	0.974040802	0.0279414017
0.00705608651	0.954006661	0.0274489416
0.0072215460200000005	0.987825584	0.0271100087
0.00738700628	0.936349419	0.0265663791
0.0075524658	0.927953438	0.0261217178
0.00771792531	0.89526585	0.0256645335
0.007898427550000002	0.807814465	0.0230815121
0.008093971010000001	0.706461769	0.0225003382
0.00828951374	0.635368123	0.0220232946
0.0084850572	0.583680497	0.0215601372
0.00868060067	0.539959467	0.0211338685
0.00887614414	0.517898447	0.0207657111
0.00907168761	0.46608457	0.0203739995
0.009282273050000001	0.455556413	0.0186878688
0.00950789973	0.422421515	0.0183476004
0.00973352715	0.386516174	0.0180166884
0.009959153830000001	0.357124773	0.0177133835
0.0101847805	0.339299585	0.0174686176
0.010410407900000002	0.30783178	0.0172046329
0.010651076600000002	0.280758277	0.0158786468
0.0109067872	0.271031832	0.0156268175
0.0111624978	0.246942812	0.0156300262
0.0114182085	0.24630141	0.015804742
0.011673919100000001	0.221877731	0.0156310166
0.011944671	0.22486809	0.0143479538
0.0122304656	0.209359216	0.014053654
0.012516260100000003	0.197812015	0.0138154117
0.012802054	0.21755947	0.0136381162
0.0131028906	0.183416553	0.0127093748
0.013418768300000002	0.174612371	0.0127344834
0.013734646100000001	0.160340041	0.0129936598
0.0140505239	0.163279573	0.0133717312
0.014381443	0.159498559	0.0129847561
0.0147274047	0.160534751	0.013120896
0.015073365	0.17398163	0.0132425417
0.0154193267	0.175612198	0.0133550136
0.0157803297	0.176883647	0.0129069809
0.016156375400000002	0.177048631	0.0129834319
0.0165324196	0.162263199	0.0130336307
0.0169084653	0.150792942	0.0130727535
0.017299552300000003	0.141354168	0.0126089057
0.017705680400000003	0.134882779	0.0129205112
0.0181118086	0.125105622	0.0134601096
0.0185329795	0.116497811	0.0134012174
0.0189691916	0.112245141	0.0138027549
0.019405403700000004	0.1106138	0.014405143
0.0198566571	0.107989335	0.0155272641
0.0203229532	0.0928905694	0.0169611287
0.020789249200000002	0.0891679344	0.0184913585
0.021270586600000002	0.0816593276	0.0194738602
0.021766966600000003	0.0777966232	0.0217502169
0.0222633451	0.069549807	0.024428067
0.0227747664	0.05527812	0.0265398702
0.0233012304	0.056072463	0.0306414105
0.0238427341	0.04046412	0.0353679344
0.024399280500000002	0.0478739299	0.0410101617
0.024970869700000002	0.0432281646	0.0486353974
0.025557500100000005	0.0461637101	0.0684157412
