q[nm-1]	I(q)[sr-1]_rebin(no_smoothing,TAPBacetic38ACNphcn90C_eiger2_12545_sub.dat_00001_[sub(TAPBacetic38ACNphcn90C_eiger2_12545_ave.h5_00001_[AN_3_30_29_RXN_90C]-TAPBacetic38ACNphcn90C_eiger2_11907_av_ave.h5_00001_[AN_3_30_29_PRM_90C])],1,0.0050)	error
0.000212067761	126461.391	243.646942
0.000227109576	126156.938	159.637039
0.00024215136700000002	120691.875	130.436096
0.000257193157	113061.297	112.428894
0.000272234972	105130.234	99.2253876
0.00028727676300000003	98715.4453	89.5431747
0.000302318553	92347.5547	81.5988159
0.00031736036800000003	85690.8516	74.5990601
0.00033240215900000005	79615.5703	68.3975754
0.000347443949	73571.1172	63.1846352
0.00036248576400000005	67850.0	58.4745369
0.00037752755500000006	62417.8516	54.0355682
0.000392569369	57369.2344	50.150692
0.00040761116	52489.8555	46.3624687
0.000422652951	47954.125	43.1100502
0.00043769474100000005	43680.4609	40.1253891
0.000452736579	39647.8008	37.2664757
0.00046777837000000006	36038.0234	34.7374725
0.000482820161	32710.3262	32.2939644
0.000497861952	29484.8516	30.0193043
0.0005129037420000001	26558.7402	27.8849277
0.0005279455330000001	23888.4766	25.8784866
0.000542987371	21354.4219	24.0191784
0.000558029162	19106.3574	22.2914238
0.0005730709530000001	16979.8242	20.6777954
0.0005881127440000001	15108.8887	19.1813374
0.000603154534	13441.4092	17.783596
0.000618196372	11884.9355	16.3585663
0.000633238163	10548.5547	14.7842836
0.000648279954	9352.68848	13.5096903
0.0006633217450000001	8204.55469	12.4238129
0.000678363536	7186.05957	11.4939232
0.000693405326	6280.94043	10.6350861
0.0007084471640000001	5497.01562	9.845047
0.0007234889550000001	4782.45752	9.08716297
0.000738530746	4164.70361	8.37891769
0.0007535725370000001	3626.97852	7.74905825
0.000768614328	3156.57104	7.17256927
0.0007836561650000001	2757.11182	6.65020466
0.000798697956	2400.94507	6.15973854
0.000813739747	2099.49341	5.71451855
0.0008287815380000001	1847.47668	5.32368088
0.000843823329	1635.14197	4.97775888
0.0008588651200000001	1460.14795	4.66982603
0.0008739069100000001	1314.19727	4.40124035
0.0008889487010000001	1200.38452	4.17365265
0.0009039905850000001	1116.85999	4.00014305
0.0009190323760000001	1038.92859	3.82969117
0.000934074167	976.320374	3.67891264
0.000949115958	946.375793	3.59606147
0.0009641577490000001	915.698608	3.49909067
0.00097919954	904.543823	3.452667
0.000994241331	888.867859	3.39074779
0.0010092831199999999	884.092407	3.35071969
0.0010243249100000001	877.733521	3.30681562
0.0010393667000000001	883.085815	3.28648734
0.0010544084900000002	883.1698	3.25592875
0.00106945038	886.781494	3.2301302
0.00108449217	901.068176	3.22965574
0.00109953396	897.497437	3.19575143
0.00111457575	895.447998	3.16486001
0.00112961754	888.892761	3.12687135
0.0011446593300000001	884.996399	3.09676552
0.0011597011200000001	872.587646	3.05027056
0.0011747429100000002	862.584656	3.01449394
0.00118978471	849.836914	2.96737552
0.0012048265000000002	831.770813	2.92054653
0.0012198682900000002	807.451172	2.85588813
0.00123491017	780.424622	2.78804135
0.00124995196	750.540649	2.72346354
0.00126499375	714.682678	2.63784409
0.0012800355400000001	685.917969	2.57029295
0.00129507734	650.177368	2.48788667
0.0013101191300000001	615.463928	2.40881276
0.0013251609200000002	574.362183	2.3156209
0.0013402027100000002	538.41449	2.23342347
0.0013552445	495.805664	2.13448381
0.00137028629	462.220947	2.0535326
0.00138532808	428.964874	1.9705466
0.0014003699600000001	389.916016	1.87248647
0.00141541176	359.739136	1.79732776
0.0014304535500000001	322.892609	1.69578016
0.0014454953400000001	291.092102	1.60867441
0.00146053713	261.9328	1.52590704
0.00147557892	236.697571	1.45132685
0.0014906207100000002	211.90451	1.37221456
0.0015056625000000002	189.120056	1.29873133
0.00152070429	170.763275	1.23700142
0.00153574608	150.377502	1.16289711
0.00155078787	135.176819	1.10830259
0.00156582966	120.59243	1.04961944
0.00158087146	108.74334	0.999448597
0.00159591325	100.648361	0.96374917
0.00161095504	92.7667389	0.927038252
0.0016259968300000001	84.4499283	0.887464941
0.0016410386200000002	80.5382996	0.86607033
0.0016560806	75.3238144	0.836694658
0.0016711223899999999	72.9817352	0.82188493
0.0016861641800000001	71.1194611	0.808670282
0.00170120597	70.1629257	0.80158478
0.0017162477600000002	70.1373367	0.796525598
0.0017312895500000002	70.2428741	0.787811935
0.00174633134	70.3943329	0.783611596
0.0017613731300000002	71.6588974	0.785712481
0.00177641492	70.8530502	0.776061594
0.00179145671	71.5675659	0.772750258
0.00180649851	72.8856506	0.774816692
0.0018215403000000003	71.6535034	0.763479769
0.00183658209	72.3460083	0.762231112
0.0018516238800000001	73.0753555	0.762524128
0.00186666567	71.2223282	0.749546349
0.0018817074600000002	70.6957932	0.750192344
0.00189674925	69.3740387	0.750881255
0.0019117910400000002	68.4658432	0.751382887
0.00192683283	66.5171509	0.743458807
0.00195691641	62.4758034	0.418071337
0.00200204197	56.4831073	0.400272184
0.00204716735	48.377065	0.374234336
0.00209229272	42.1523819	0.343125414
0.0021374180900000004	35.947703	0.315208774
0.00218254346	32.2750003	0.297007105
0.00222766884	30.2540029	0.284834656
0.00227279421	29.1880232	0.276223832
0.0023179197700000003	30.0924886	0.273514313
0.00236304514	31.9864229	0.274571874
0.00240817051	32.9588038	0.272880249
0.00245329589	35.1435814	0.275086947
0.00249842126	35.2750168	0.271053688
0.0025435466300000003	35.2628466	0.267360735
0.002588672	34.0402222	0.260158469
0.00264883935	31.2750511	0.191712747
0.0027240483100000002	26.6975628	0.177174992
0.00279925726	22.4081829	0.167310643
0.00287446622	18.1572556	0.15596385
0.0029496751700000003	14.9140528	0.145550826
0.00302488431	12.9704184	0.138380158
0.00310009327	12.1844629	0.13419032
0.0031753022200000005	11.3630369	0.130172999
0.0032505113600000005	10.6977689	0.126291733
0.00332572013	9.23885251	0.119327192
0.0034009292700000002	7.81612434	0.108482983
0.0034761384100000002	6.84788923	0.101464549
0.0035513471800000004	5.82932138	0.095035661
0.0036265563200000004	5.31802702	0.0910138732
0.0037017650899999997	5.31723423	0.0893116662
0.00377697423	5.41588831	0.0878301092
0.00385218337	5.40893822	0.0861071655
0.00394243412	5.33528975	0.0713630589
0.0040477264700000005	5.13957017	0.0690209724
0.00415301919	4.71756635	0.0662265283
0.00425831191	4.40784931	0.0636723982
0.00436360426	4.18935122	0.061741265
0.00446889699	4.0469811	0.0599340624
0.00457418971	3.49785873	0.0570667266
0.00467948206	3.19511584	0.0548364398
0.004784774780000001	2.68976603	0.0521050462
0.0048900675	2.23051204	0.0496519339
0.0049953598500000005	1.92200659	0.0482004529
0.00510065258	1.72099037	0.0480232239
0.0052059453000000006	1.68720118	0.0478783002
0.00532627963	1.52894159	0.0414845684
0.00546165593	1.43099895	0.0406803005
0.005597031860000001	1.31893783	0.0393041381
0.005732408170000001	1.30284986	0.0377911136
0.005867784470000001	1.22446232	0.03658879
0.006003160400000001	1.20165908	0.0358711885
0.00613853671	1.0888725	0.0349012864
0.0062739126400000005	1.07640482	0.0342174132
0.0064092889400000005	0.988657461	0.0333533105
0.00655970722	0.970348944	0.0295539438
0.006725166740000001	0.936475234	0.0288947412
0.006890627000000001	0.95071318	0.0284402445
0.00705608651	0.969331221	0.0279983387
0.0072215460200000005	0.99375655	0.0276073587
0.00738700628	0.940347861	0.0270725613
0.0075524658	0.921180324	0.0266105533
0.00771792531	0.858574965	0.0260861929
0.007898427550000002	0.801272649	0.0235201092
0.008093971010000001	0.739689492	0.0230133787
0.00828951374	0.644566972	0.0224820558
0.0084850572	0.610980116	0.0220556108
0.00868060067	0.5564479	0.0215979839
0.00887614414	0.514015826	0.0211787115
0.00907168761	0.47619866	0.0208194687
0.009282273050000001	0.457564575	0.0190639303
0.00950789973	0.440117971	0.0187584923
0.00973352715	0.396480725	0.0184033794
0.009959153830000001	0.365585015	0.0180897992
0.0101847805	0.338085069	0.017828555
0.010410407900000002	0.330372417	0.017603027
0.010651076600000002	0.292417209	0.0162291261
0.0109067872	0.287432704	0.0159794245
0.0111624978	0.258772224	0.015976127
0.0114182085	0.250634861	0.0161439791
0.011673919100000001	0.22602863	0.0159626874
0.011944671	0.215176155	0.014627807
0.0122304656	0.209847472	0.0143476943
0.012516260100000003	0.202499448	0.0141143066
0.012802054	0.216403829	0.0139205752
0.0131028906	0.183515439	0.0129747594
0.013418768300000002	0.174439468	0.0130043346
0.013734646100000001	0.155304437	0.0132573165
0.0140505239	0.164557905	0.0136587914
0.014381443	0.158468959	0.0132566272
0.0147274047	0.161165659	0.0133999163
0.015073365	0.164267752	0.0135026476
0.0154193267	0.169296273	0.0136265406
0.0157803297	0.171816489	0.0131716472
0.016156375400000002	0.163525215	0.0132329171
0.0165324196	0.159650232	0.0133025203
0.0169084653	0.153749267	0.0133531503
0.017299552300000003	0.135035982	0.0128656578
0.017705680400000003	0.131962175	0.0131917765
0.0181118086	0.123845161	0.0137458549
0.0185329795	0.116730288	0.0136847432
0.0189691916	0.10614719	0.0140842938
0.019405403700000004	0.108154157	0.0147057333
0.0198566571	0.107973129	0.0158589142
0.0203229532	0.091621313	0.0173225445
0.020789249200000002	0.079586114	0.0188603532
0.021270586600000002	0.0827248608	0.0198950422
0.021766966600000003	0.0756237785	0.0222064262
0.0222633451	0.0604172305	0.024918608
0.0227747664	0.0540666525	0.0271034161
0.0233012304	0.060546859	0.0313137735
0.0238427341	0.0499859353	0.0361764099
0.024399280500000002	0.0505150849	0.0419088478
0.024970869700000002	0.0567920319	0.0497413999
0.025557500100000005	0.0460359952	0.069772689
