q[nm-1]	I(q)[sr-1]_rebin(no_smoothing,TAPBacetic38ACNphcn90C_eiger2_12345_sub.dat_00001_[sub(TAPBacetic38ACNphcn90C_eiger2_12345_ave.h5_00001_[AN_3_30_29_RXN_90C]-TAPBacetic38ACNphcn90C_eiger2_11907_av_ave.h5_00001_[AN_3_30_29_PRM_90C])],1,0.0050)	error
0.000212067761	151499.703	262.430115
0.000227109576	131633.5	161.553635
0.00024215136700000002	117332.531	127.924309
0.000257193157	109187.234	110.067688
0.000272234972	101378.258	96.9771881
0.00028727676300000003	94446.125	87.1247864
0.000302318553	87904.0625	79.2346878
0.00031736036800000003	80790.0	72.0624847
0.00033240215900000005	74706.0781	65.8952637
0.000347443949	69291.4141	61.0115738
0.00036248576400000005	63771.4727	56.3818588
0.00037752755500000006	58826.4805	52.1854858
0.000392569369	54123.8672	48.4597511
0.00040761116	49221.3789	44.6632767
0.000422652951	44827.6836	41.4538803
0.00043769474100000005	40917.6289	38.6238365
0.000452736579	37313.0664	35.9763374
0.00046777837000000006	33948.8359	33.5384636
0.000482820161	30891.666	31.2088146
0.000497861952	28006.4219	29.1029263
0.0005129037420000001	25221.293	27.026228
0.0005279455330000001	22681.5625	25.0820084
0.000542987371	20323.1309	23.3077354
0.000558029162	18189.084	21.6304016
0.0005730709530000001	16192.8281	20.082552
0.0005881127440000001	14485.9404	18.6806431
0.000603154534	12896.7832	17.3249035
0.000618196372	11464.2178	15.9831409
0.000633238163	10221.7305	14.4749327
0.000648279954	9065.08008	13.2230654
0.0006633217450000001	8016.82764	12.2156124
0.000678363536	7028.34229	11.3033066
0.000693405326	6152.78369	10.4624729
0.0007084471640000001	5417.75781	9.71283627
0.0007234889550000001	4736.63525	8.98718166
0.000738530746	4136.53516	8.3041172
0.0007535725370000001	3620.87183	7.699049
0.000768614328	3160.87695	7.13619423
0.0007836561650000001	2760.57446	6.61170483
0.000798697956	2424.4707	6.15342474
0.000813739747	2123.34229	5.71159315
0.0008287815380000001	1867.92004	5.31511164
0.000843823329	1651.40076	4.97401142
0.0008588651200000001	1465.3136	4.64639711
0.0008739069100000001	1329.59045	4.40069246
0.0008889487010000001	1210.15002	4.16915226
0.0009039905850000001	1112.31665	3.96789074
0.0009190323760000001	1036.25903	3.79974866
0.000934074167	976.865784	3.66138887
0.000949115958	928.796143	3.54426169
0.0009641577490000001	902.005981	3.45964527
0.00097919954	876.338257	3.37977719
0.000994241331	860.533264	3.32084894
0.0010092831199999999	858.940308	3.28579378
0.0010243249100000001	859.088989	3.25474882
0.0010393667000000001	863.019897	3.23056483
0.0010544084900000002	864.602295	3.20713329
0.00106945038	870.54834	3.18921638
0.00108449217	873.068604	3.15908718
0.00109953396	878.440002	3.14636731
0.00111457575	875.27356	3.11207604
0.00112961754	879.179688	3.09688973
0.0011446593300000001	876.906982	3.06381035
0.0011597011200000001	874.718811	3.03638196
0.0011747429100000002	858.519653	2.9875164
0.00118978471	855.391907	2.96352506
0.0012048265000000002	838.030884	2.90990996
0.0012198682900000002	819.230957	2.85932088
0.00123491017	798.305603	2.80353189
0.00124995196	776.864502	2.74808121
0.00126499375	748.551636	2.67870927
0.0012800355400000001	717.148804	2.60894012
0.00129507734	685.621704	2.53679681
0.0013101191300000001	651.356628	2.4583199
0.0013251609200000002	616.524109	2.38021398
0.0013402027100000002	584.726501	2.30512428
0.0013552445	543.46875	2.21521711
0.00137028629	508.67807	2.13336253
0.00138532808	476.773438	2.05350351
0.0014003699600000001	442.777252	1.97428119
0.00141541176	406.514954	1.88648975
0.0014304535500000001	371.780365	1.79762363
0.0014454953400000001	339.154388	1.71232021
0.00146053713	307.058533	1.62762392
0.00147557892	277.90509	1.54978812
0.0014906207100000002	251.082703	1.47003698
0.0015056625000000002	227.639481	1.40036118
0.00152070429	201.013214	1.31344962
0.00153574608	183.550339	1.26076913
0.00155078787	161.729019	1.18536079
0.00156582966	144.60611	1.12313306
0.00158087146	132.436386	1.07720447
0.00159591325	117.623337	1.01630199
0.00161095504	105.193466	0.96734786
0.0016259968300000001	96.3091125	0.927677989
0.0016410386200000002	88.8419189	0.891374052
0.0016560806	81.4668427	0.858766913
0.0016711223899999999	76.6403275	0.834103286
0.0016861641800000001	71.1732407	0.805591941
0.00170120597	68.1529312	0.787989974
0.0017162477600000002	66.0768127	0.77293998
0.0017312895500000002	64.5959473	0.759811342
0.00174633134	63.6319656	0.751722276
0.0017613731300000002	62.5889435	0.741921604
0.00177641492	62.1560211	0.734607458
0.00179145671	61.9546432	0.728199959
0.00180649851	62.9972115	0.729694784
0.0018215403000000003	63.2841606	0.724698603
0.00183658209	63.4356537	0.722178936
0.0018516238800000001	63.5136566	0.719329715
0.00186666567	62.5343781	0.710619748
0.0018817074600000002	61.5915871	0.706995189
0.00189674925	61.8397636	0.7149297
0.0019117910400000002	60.8063927	0.713603556
0.00192683283	60.039856	0.709947169
0.00195691641	56.715285	0.400893397
0.00200204197	51.3153114	0.383842892
0.00204716735	45.7350324	0.364121649
0.00209229272	39.2154312	0.332255902
0.0021374180900000004	34.7070974	0.31032202
0.00218254346	30.4990279	0.289812121
0.00222766884	27.9488589	0.275831727
0.00227279421	26.8875853	0.267072264
0.0023179197700000003	26.7649002	0.261069839
0.00236304514	27.8443552	0.259885405
0.00240817051	29.3678843	0.260411075
0.00245329589	31.1785355	0.261510739
0.00249842126	31.4467894	0.258168704
0.0025435466300000003	32.5061086	0.257887554
0.002588672	32.4805234	0.253881602
0.00264883935	30.9995541	0.189845275
0.0027240483100000002	27.5046841	0.177881078
0.00279925726	23.0497368	0.167831966
0.00287446622	19.4643826	0.15852636
0.0029496751700000003	16.4578752	0.149283181
0.00302488431	14.4172571	0.141982767
0.00310009327	13.360156	0.137169973
0.0031753022200000005	12.6799017	0.133677312
0.0032505113600000005	11.7329603	0.129068623
0.00332572013	10.7357204	0.123542841
0.0034009292700000002	9.16461944	0.1123269
0.0034761384100000002	7.85937042	0.104316988
0.0035513471800000004	6.4528182	0.0968313805
0.0036265563200000004	5.68802185	0.0917176186
0.0037017650899999997	4.95866423	0.0872592801
0.00377697423	4.87493525	0.0852630389
0.00385218337	4.88304033	0.0835440613
0.00394243412	4.59537629	0.0684759706
0.0040477264700000005	4.71149635	0.0671794961
0.00415301919	4.39259059	0.064660517
0.00425831191	4.14769503	0.0623814891
0.00436360426	3.90199896	0.0604074602
0.00446889699	3.91082351	0.0589739286
0.00457418971	3.74477019	0.05737556
0.00467948206	3.35242101	0.0549426567
0.004784774780000001	2.89570659	0.0523323362
0.0048900675	2.51849256	0.0502430377
0.0049953598500000005	2.15886525	0.0487007793
0.00510065258	1.92363451	0.04840437
0.0052059453000000006	1.77392072	0.0477462632
0.00532627963	1.60318283	0.0413736413
0.00546165593	1.40202762	0.0402229877
0.005597031860000001	1.28536808	0.0388453411
0.005732408170000001	1.19506196	0.037092576
0.005867784470000001	1.22348351	0.03628509
0.006003160400000001	1.1456198	0.0353648422
0.00613853671	1.0811	0.0345198309
0.0062739126400000005	1.04410385	0.0337962664
0.0064092889400000005	1.00002685	0.033046755
0.00655970722	0.997841098	0.0293323935
0.006725166740000001	0.988777529	0.0287611571
0.006890627000000001	0.957324115	0.0281646745
0.00705608651	0.943082366	0.0276583069
0.0072215460200000005	0.973113401	0.0273082538
0.00738700628	0.911264848	0.0267410218
0.0075524658	0.878624591	0.0262361453
0.00771792531	0.840219877	0.0257739565
0.007898427550000002	0.774157538	0.0232171269
0.008093971010000001	0.699891237	0.0227078054
0.00828951374	0.639661606	0.0222340138
0.0084850572	0.587669208	0.0217718499
0.00868060067	0.550272238	0.0213618911
0.00887614414	0.53909962	0.0210328908
0.00907168761	0.471735888	0.0205881771
0.009282273050000001	0.430759786	0.0188168245
0.00950789973	0.412902689	0.0185022264
0.00973352715	0.369456073	0.0181590598
0.009959153830000001	0.363151334	0.0178973667
0.0101847805	0.340706015	0.017650343
0.010410407900000002	0.312936314	0.0173841
0.010651076600000002	0.304211136	0.0160815424
0.0109067872	0.267708847	0.0157760686
0.0111624978	0.249578021	0.0157919512
0.0114182085	0.240614607	0.0159566721
0.011673919100000001	0.222646654	0.0157949136
0.011944671	0.209256215	0.0144663063
0.0122304656	0.214666907	0.0142075962
0.012516260100000003	0.201126502	0.0139629496
0.012802054	0.224608071	0.0137893952
0.0131028906	0.187474853	0.0128459562
0.013418768300000002	0.172285797	0.0128630951
0.013734646100000001	0.162155852	0.0131291346
0.0140505239	0.152879507	0.0134931759
0.014381443	0.157192146	0.0131139733
0.0147274047	0.151784769	0.0132369228
0.015073365	0.161103587	0.01335912
0.0154193267	0.163769016	0.0134726695
0.0157803297	0.167344011	0.0130232359
0.016156375400000002	0.16683304	0.0131008465
0.0165324196	0.163150473	0.0131686405
0.0169084653	0.141657699	0.0131906681
0.017299552300000003	0.129737451	0.0127210249
0.017705680400000003	0.120308065	0.0130308289
0.0181118086	0.122495503	0.0135977134
0.0185329795	0.111605129	0.0135311403
0.0189691916	0.107527985	0.0139383459
0.019405403700000004	0.105690061	0.0145433398
0.0198566571	0.0994392922	0.0156705761
0.0203229532	0.0936703952	0.017138262
0.020789249200000002	0.0795329189	0.0186589755
0.021270586600000002	0.0764570697	0.0196637193
0.021766966600000003	0.0709726736	0.0219592895
0.0222633451	0.0685537852	0.0246840369
0.0227747664	0.0565251264	0.0268260648
0.0233012304	0.0627606671	0.0309802916
0.0238427341	0.0576146929	0.0358262731
0.024399280500000002	0.0607922426	0.041543897
0.024970869700000002	0.0452810512	0.049128565
0.025557500100000005	0.0396360225	0.0689804843
