q[nm-1]	I(q)[sr-1]_rebin(no_smoothing,TAPBacetic38ACNphcn90C_eiger2_12394_sub.dat_00001_[sub(TAPBacetic38ACNphcn90C_eiger2_12394_ave.h5_00001_[AN_3_30_29_RXN_90C]-TAPBacetic38ACNphcn90C_eiger2_11907_av_ave.h5_00001_[AN_3_30_29_PRM_90C])],1,0.0050)	error
0.000212067761	151216.797	262.701782
0.000227109576	133914.484	163.232056
0.00024215136700000002	121558.906	130.280151
0.000257193157	112224.539	111.502708
0.000272234972	103847.266	98.1700211
0.00028727676300000003	96772.3906	88.2646027
0.000302318553	89403.1016	79.9130249
0.00031736036800000003	82252.3594	72.7299347
0.00033240215900000005	76117.3281	66.5549545
0.000347443949	70270.5156	61.4477272
0.00036248576400000005	64694.1445	56.7886963
0.00037752755500000006	59546.2656	52.5280418
0.000392569369	54604.3516	48.6810951
0.00040761116	50100.8633	45.0711555
0.000422652951	45727.3711	41.8841858
0.00043769474100000005	41808.7812	39.0644264
0.000452736579	38102.8203	36.3564148
0.00046777837000000006	34525.1406	33.842205
0.000482820161	31335.9082	31.4522648
0.000497861952	28372.2969	29.2953815
0.0005129037420000001	25583.3906	27.226862
0.0005279455330000001	23053.793	25.3106327
0.000542987371	20662.8574	23.5282993
0.000558029162	18523.6777	21.8420773
0.0005730709530000001	16556.5605	20.318203
0.0005881127440000001	14682.6719	18.8073368
0.000603154534	13056.5996	17.444788
0.000618196372	11614.8018	16.0993614
0.000633238163	10310.8555	14.5455027
0.000648279954	9122.88477	13.2751703
0.0006633217450000001	8027.94971	12.227066
0.000678363536	7063.19043	11.3336096
0.000693405326	6235.04932	10.5484619
0.0007084471640000001	5465.00781	9.76266289
0.0007234889550000001	4774.2915	9.02422142
0.000738530746	4183.20117	8.35800552
0.0007535725370000001	3649.13696	7.73326921
0.000768614328	3182.14893	7.15970945
0.0007836561650000001	2782.70459	6.63831234
0.000798697956	2443.48291	6.17608595
0.000813739747	2148.23193	5.74555779
0.0008287815380000001	1900.21301	5.36694908
0.000843823329	1676.38745	5.00941896
0.0008588651200000001	1495.39429	4.69650173
0.0008739069100000001	1353.77893	4.43915319
0.0008889487010000001	1231.15564	4.19928932
0.0009039905850000001	1143.72107	4.02391052
0.0009190323760000001	1061.40283	3.84757733
0.000934074167	994.775085	3.69199848
0.000949115958	954.465637	3.58725548
0.0009641577490000001	928.329407	3.50564647
0.00097919954	901.698608	3.42328811
0.000994241331	881.473022	3.35290694
0.0010092831199999999	881.916748	3.33181667
0.0010243249100000001	865.922363	3.26738453
0.0010393667000000001	873.041138	3.25099397
0.0010544084900000002	877.519714	3.22801661
0.00106945038	882.6922	3.20899439
0.00108449217	880.532166	3.17631769
0.00109953396	878.34259	3.1483717
0.00111457575	877.781372	3.11712766
0.00112961754	880.893188	3.09952927
0.0011446593300000001	874.051514	3.06251979
0.0011597011200000001	865.562378	3.02292919
0.0011747429100000002	856.85675	2.98986816
0.00118978471	843.60968	2.94277906
0.0012048265000000002	824.524109	2.8898809
0.0012198682900000002	806.056152	2.83992815
0.00123491017	784.184692	2.78426194
0.00124995196	760.986267	2.72551036
0.00126499375	731.651367	2.65133834
0.0012800355400000001	700.311951	2.58298135
0.00129507734	664.002747	2.49921012
0.0013101191300000001	630.206543	2.42156363
0.0013251609200000002	595.744934	2.34543276
0.0013402027100000002	561.352661	2.26369548
0.0013552445	525.016174	2.18101859
0.00137028629	489.990814	2.09730148
0.00138532808	452.949768	2.00716805
0.0014003699600000001	415.059906	1.9176867
0.00141541176	380.03894	1.82907557
0.0014304535500000001	353.636017	1.76053464
0.0014454953400000001	320.265381	1.67037535
0.00146053713	286.837769	1.58007884
0.00147557892	259.919342	1.50431621
0.0014906207100000002	233.764038	1.42355728
0.0015056625000000002	209.818497	1.35080492
0.00152070429	189.222626	1.28420913
0.00153574608	169.412125	1.21655107
0.00155078787	149.893112	1.14793146
0.00156582966	134.251709	1.09031951
0.00158087146	122.166847	1.04264951
0.00159591325	110.44635	0.991574407
0.00161095504	100.020477	0.948630214
0.0016259968300000001	92.0998154	0.914727986
0.0016410386200000002	84.2137299	0.874192417
0.0016560806	78.309021	0.846235812
0.0016711223899999999	74.0633621	0.821821809
0.0016861641800000001	71.3420486	0.806118786
0.00170120597	68.8665237	0.790985823
0.0017162477600000002	66.8081741	0.777519345
0.0017312895500000002	65.7199554	0.765540123
0.00174633134	65.2391586	0.759060025
0.0017613731300000002	65.1005554	0.752896965
0.00177641492	64.4936905	0.744944394
0.00179145671	64.8391571	0.741729736
0.00180649851	65.3068237	0.738755167
0.0018215403000000003	65.2441711	0.732826173
0.00183658209	65.8672638	0.731991887
0.0018516238800000001	65.938446	0.728423715
0.00186666567	66.4393692	0.72607547
0.0018817074600000002	66.6351929	0.728645682
0.00189674925	64.8630219	0.728415132
0.0019117910400000002	63.1106606	0.724045217
0.00192683283	62.2779541	0.719503105
0.00195691641	59.3466581	0.407155367
0.00200204197	54.1590563	0.391463278
0.00204716735	47.6239802	0.370417521
0.00209229272	40.5932973	0.336265652
0.0021374180900000004	35.4718285	0.312143074
0.00218254346	31.2521286	0.292584733
0.00222766884	28.8099263	0.278928305
0.00227279421	27.3116767	0.268534171
0.0023179197700000003	27.8424174	0.264516109
0.00236304514	29.4897893	0.265504743
0.00240817051	30.5420138	0.26420059
0.00245329589	32.7988167	0.266849316
0.00249842126	33.3649877	0.263979191
0.0025435466300000003	33.5589498	0.260899938
0.002588672	32.9889641	0.255387956
0.00264883935	31.5471966	0.191073914
0.0027240483100000002	27.5016167	0.178007371
0.00279925726	23.0722275	0.168055733
0.00287446622	18.6987827	0.156834323
0.0029496751700000003	15.7521181	0.147429112
0.00302488431	13.9485838	0.140645749
0.00310009327	12.7493849	0.135350719
0.0031753022200000005	11.899494	0.130970399
0.0032505113600000005	10.9202143	0.12655797
0.00332572013	9.83157768	0.120553522
0.0034009292700000002	8.64000263	0.110647844
0.0034761384100000002	7.14533415	0.101730143
0.0035513471800000004	6.05198431	0.0955552633
0.0036265563200000004	5.34924631	0.0905371539
0.0037017650899999997	4.96945973	0.0873380774
0.00377697423	4.93908167	0.0855829486
0.00385218337	5.09613771	0.0843914199
0.00394243412	5.07434389	0.0700435661
0.0040477264700000005	4.89157636	0.0678156044
0.00415301919	4.61131661	0.0654002023
0.00425831191	4.37971115	0.0632148834
0.00436360426	4.19125475	0.0613424109
0.00446889699	3.98558337	0.0593317698
0.00457418971	3.66782032	0.0571541486
0.00467948206	3.33791597	0.0549182621
0.004784774780000001	2.90836116	0.0524061783
0.0048900675	2.49975933	0.050167669
0.0049953598500000005	2.08553875	0.0483842742
0.00510065258	1.84079901	0.0481381206
0.0052059453000000006	1.63873623	0.0473911125
0.00532627963	1.55933887	0.0412916183
0.00546165593	1.42513027	0.0403426129
0.005597031860000001	1.27038842	0.038830319
0.005732408170000001	1.23336236	0.0372337752
0.005867784470000001	1.22439722	0.0363024155
0.006003160400000001	1.13648085	0.0353813213
0.00613853671	1.10115429	0.0346353344
0.0062739126400000005	1.04315912	0.0338388218
0.0064092889400000005	0.958345096	0.0329450398
0.00655970722	0.999190162	0.0293901908
0.006725166740000001	0.996062068	0.0288060658
0.006890627000000001	0.966922369	0.0282292448
0.00705608651	0.970964557	0.0277837105
0.0072215460200000005	0.963724104	0.0272976755
0.00738700628	0.959695258	0.0268875712
0.0075524658	0.907102043	0.0263415292
0.00771792531	0.824605931	0.0257543327
0.007898427550000002	0.774333037	0.0232413418
0.008093971010000001	0.703673317	0.022745054
0.00828951374	0.647603443	0.0222789298
0.0084850572	0.605265594	0.0218514541
0.00868060067	0.54378286	0.0213694865
0.00887614414	0.535510618	0.0210341492
0.00907168761	0.464563709	0.0205910052
0.009282273050000001	0.437342821	0.0188557963
0.00950789973	0.42294182	0.0185462233
0.00973352715	0.390097735	0.0182183116
0.009959153830000001	0.366413877	0.0179225135
0.0101847805	0.34364958	0.0176787168
0.010410407900000002	0.320368352	0.0174190256
0.010651076600000002	0.296009051	0.016084434
0.0109067872	0.282924615	0.0158235755
0.0111624978	0.262184227	0.01583416
0.0114182085	0.239384311	0.015966961
0.011673919100000001	0.231827693	0.0158259458
0.011944671	0.213441787	0.0144881173
0.0122304656	0.212653773	0.0142186981
0.012516260100000003	0.200605465	0.0139810326
0.012802054	0.219757012	0.0137974017
0.0131028906	0.191071906	0.0128646334
0.013418768300000002	0.168505521	0.0128704652
0.013734646100000001	0.160486128	0.01314204
0.0140505239	0.166229005	0.0135309566
0.014381443	0.157729558	0.0131326946
0.0147274047	0.15812135	0.0132644414
0.015073365	0.166054589	0.0133780031
0.0154193267	0.163010567	0.0134870765
0.0157803297	0.166939204	0.0130390114
0.016156375400000002	0.161644881	0.013107922
0.0165324196	0.160844305	0.0131786549
0.0169084653	0.140536295	0.0132057127
0.017299552300000003	0.124975893	0.0127232918
0.017705680400000003	0.124104878	0.0130522018
0.0181118086	0.123465702	0.0136138276
0.0185329795	0.111779468	0.0135448477
0.0189691916	0.11289091	0.0139644646
0.019405403700000004	0.103142748	0.0145556682
0.0198566571	0.0993267427	0.0156875267
0.0203229532	0.0840705222	0.0171362786
0.020789249200000002	0.0857383102	0.018697806
0.021270586600000002	0.0822996633	0.0197072987
0.021766966600000003	0.0720543733	0.0219832353
0.0222633451	0.0622403204	0.0246860359
0.0227747664	0.0590187527	0.0268641127
0.0233012304	0.0557593187	0.0309885483
0.0238427341	0.043893577	0.0358026548
0.024399280500000002	0.0419021096	0.0414732487
0.024970869700000002	0.0425354916	0.0491883223
0.025557500100000005	0.0547296707	0.0692125578
