q[nm-1]	I(q)[sr-1]_rebin(no_smoothing,TAPBacetic38ACNphcn90C_eiger2_12408_sub.dat_00001_[sub(TAPBacetic38ACNphcn90C_eiger2_12408_ave.h5_00001_[AN_3_30_29_RXN_90C]-TAPBacetic38ACNphcn90C_eiger2_11907_av_ave.h5_00001_[AN_3_30_29_PRM_90C])],1,0.0050)	error
0.000212067761	146858.125	258.944305
0.000227109576	132722.188	162.219788
0.00024215136700000002	122023.164	130.338593
0.000257193157	112572.641	111.58078
0.000272234972	103691.914	98.0394897
0.00028727676300000003	96263.4844	88.0235672
0.000302318553	89284.6094	79.8252869
0.00031736036800000003	82820.3125	72.9412155
0.00033240215900000005	76845.5391	66.8023987
0.000347443949	70800.0625	61.6321106
0.00036248576400000005	65109.9492	56.9699669
0.00037752755500000006	59859.7266	52.6386566
0.000392569369	54755.293	48.717865
0.00040761116	50282.4531	45.125885
0.000422652951	46021.9375	41.9965248
0.00043769474100000005	42031.7812	39.1476898
0.000452736579	38329.6133	36.4361191
0.00046777837000000006	34773.8164	33.9175987
0.000482820161	31466.502	31.4854164
0.000497861952	28586.0449	29.4007874
0.0005129037420000001	25762.3223	27.2987766
0.0005279455330000001	23145.5859	25.330925
0.000542987371	20733.75	23.5391293
0.000558029162	18619.832	21.8780708
0.0005730709530000001	16672.4082	20.3627701
0.0005881127440000001	14871.5498	18.9176273
0.000603154534	13166.0039	17.4998913
0.000618196372	11675.374	16.1306686
0.000633238163	10371.7842	14.578167
0.000648279954	9220.63184	13.3387041
0.0006633217450000001	8115.40576	12.2858896
0.000678363536	7110.52441	11.3633118
0.000693405326	6260.12012	10.5624199
0.0007084471640000001	5487.33008	9.77191544
0.0007234889550000001	4801.83203	9.04606915
0.000738530746	4196.84375	8.36772919
0.0007535725370000001	3666.17798	7.74692583
0.000768614328	3195.8418	7.17234373
0.0007836561650000001	2787.35132	6.63731289
0.000798697956	2446.48071	6.17427969
0.000813739747	2149.49683	5.74600124
0.0008287815380000001	1894.36951	5.35139751
0.000843823329	1681.06531	5.01419401
0.0008588651200000001	1493.03699	4.68863344
0.0008739069100000001	1350.28125	4.43129683
0.0008889487010000001	1234.00659	4.20211363
0.0009039905850000001	1140.50525	4.01070738
0.0009190323760000001	1062.35071	3.84498596
0.000934074167	999.713196	3.69560909
0.000949115958	952.291565	3.57995009
0.0009641577490000001	922.350891	3.49416065
0.00097919954	898.130127	3.41413689
0.000994241331	887.211304	3.36463118
0.0010092831199999999	878.200439	3.31905675
0.0010243249100000001	871.168091	3.27639985
0.0010393667000000001	875.300903	3.25386715
0.0010544084900000002	875.175232	3.22098923
0.00106945038	884.374207	3.21087623
0.00108449217	885.643188	3.18347836
0.00109953396	879.800903	3.14504933
0.00111457575	883.830444	3.1271255
0.00112961754	875.348938	3.08596182
0.0011446593300000001	870.309937	3.05707765
0.0011597011200000001	862.529236	3.01519752
0.0011747429100000002	859.131897	2.99191999
0.00118978471	839.926697	2.93164253
0.0012048265000000002	827.459595	2.89419127
0.0012198682900000002	808.419556	2.84102535
0.00123491017	781.839783	2.77600646
0.00124995196	755.394409	2.71345592
0.00126499375	725.492065	2.63958311
0.0012800355400000001	695.359985	2.57029366
0.00129507734	662.635803	2.49483061
0.0013101191300000001	629.849365	2.4197793
0.0013251609200000002	594.489014	2.34216332
0.0013402027100000002	556.222351	2.25023055
0.0013552445	523.568909	2.17773318
0.00137028629	485.972687	2.08978271
0.00138532808	446.725861	1.99248803
0.0014003699600000001	414.404388	1.91626108
0.00141541176	376.68988	1.81991506
0.0014304535500000001	345.59021	1.73977447
0.0014454953400000001	312.988068	1.65173447
0.00146053713	283.806885	1.57433963
0.00147557892	253.770996	1.48634255
0.0014906207100000002	228.156189	1.40846586
0.0015056625000000002	205.05191	1.33848524
0.00152070429	184.406204	1.27020288
0.00153574608	163.789291	1.19894302
0.00155078787	144.434845	1.12905073
0.00156582966	131.477203	1.08148658
0.00158087146	118.418678	1.02862489
0.00159591325	104.783798	0.968483448
0.00161095504	95.478569	0.932221472
0.0016259968300000001	87.445549	0.895084918
0.0016410386200000002	82.3215179	0.865442693
0.0016560806	78.3694458	0.845783234
0.0016711223899999999	73.3740463	0.818533599
0.0016861641800000001	69.5565948	0.798808813
0.00170120597	66.724617	0.78045994
0.0017162477600000002	66.4672928	0.776363671
0.0017312895500000002	66.0100098	0.766364396
0.00174633134	66.3700562	0.762642384
0.0017613731300000002	65.4077988	0.753333628
0.00177641492	66.3099899	0.754062951
0.00179145671	66.8334808	0.748449206
0.00180649851	67.2120361	0.745790362
0.0018215403000000003	67.0470734	0.739949167
0.00183658209	66.1530228	0.731774151
0.0018516238800000001	66.5665665	0.73203671
0.00186666567	66.123558	0.724112093
0.0018817074600000002	65.8889694	0.725605488
0.00189674925	63.7773552	0.721845329
0.0019117910400000002	63.3846321	0.725536704
0.00192683283	62.785965	0.723242342
0.00195691641	59.5095889	0.40761344
0.00200204197	53.6530393	0.389833414
0.00204716735	47.2379977	0.368499879
0.00209229272	40.5114225	0.335609091
0.0021374180900000004	35.2974535	0.311715628
0.00218254346	31.4395307	0.293058599
0.00222766884	28.5439733	0.277795717
0.00227279421	27.9092108	0.270467365
0.0023179197700000003	27.9783669	0.265198341
0.00236304514	29.218778	0.264217657
0.00240817051	31.2251498	0.265987277
0.00245329589	32.601162	0.265942681
0.00249842126	33.3367449	0.263831368
0.0025435466300000003	33.8328692	0.261727511
0.002588672	33.6301321	0.257013068
0.00264883935	31.194603	0.190359428
0.0027240483100000002	27.8022091	0.17860665
0.00279925726	23.0817039	0.1676428
0.00287446622	19.0122006	0.157306712
0.0029496751700000003	15.7756285	0.147215477
0.00302488431	13.4657648	0.13918732
0.00310009327	12.3517679	0.133826158
0.0031753022200000005	11.9264108	0.13119246
0.0032505113600000005	10.7269907	0.125841208
0.00332572013	9.52474345	0.11953855
0.0034009292700000002	8.54318829	0.110404252
0.0034761384100000002	7.17405424	0.10185364
0.0035513471800000004	6.11759043	0.0954651053
0.0036265563200000004	5.4496664	0.0909740161
0.0037017650899999997	4.96036234	0.0872517447
0.00377697423	4.78569183	0.0848679814
0.00385218337	5.09316664	0.084329093
0.00394243412	5.00530188	0.0697485145
0.0040477264700000005	4.97652756	0.068038978
0.00415301919	4.65737356	0.0656124377
0.00425831191	4.34600578	0.0629881076
0.00436360426	4.0328974	0.0607738198
0.00446889699	4.04863395	0.0594615887
0.00457418971	3.71993937	0.0573027066
0.00467948206	3.29928276	0.0547443126
0.004784774780000001	2.83590133	0.0521589648
0.0048900675	2.39696237	0.0498090729
0.0049953598500000005	2.02952451	0.0482069492
0.00510065258	1.74041365	0.0476503087
0.0052059453000000006	1.66590689	0.0473716979
0.00532627963	1.54888056	0.0412016917
0.00546165593	1.35934436	0.0400712751
0.005597031860000001	1.30199655	0.0388885237
0.005732408170000001	1.2505701	0.0372591827
0.005867784470000001	1.24411282	0.0363112698
0.006003160400000001	1.18873963	0.0354721419
0.00613853671	1.0805782	0.0345496505
0.0062739126400000005	1.04921573	0.0338161561
0.0064092889400000005	0.99486214	0.0330406382
0.00655970722	0.998959926	0.0293425807
0.006725166740000001	0.950662005	0.0286590424
0.006890627000000001	0.969350424	0.0282105119
0.00705608651	0.955607994	0.0277020413
0.0072215460200000005	0.947632865	0.0272278475
0.00738700628	0.90830111	0.026727633
0.0075524658	0.899961005	0.0263208757
0.00771792531	0.844660163	0.0257905278
0.007898427550000002	0.786586101	0.0232401399
0.008093971010000001	0.703249111	0.0227098851
0.00828951374	0.64434162	0.0222425991
0.0084850572	0.598203856	0.0218071119
0.00868060067	0.535931716	0.0213294744
0.00887614414	0.517864904	0.0209718159
0.00907168761	0.47575784	0.0205963415
0.009282273050000001	0.445203978	0.0188459043
0.00950789973	0.419353956	0.0185169924
0.00973352715	0.394499725	0.018210626
0.009959153830000001	0.358529532	0.0178875987
0.0101847805	0.337549764	0.0176415471
0.010410407900000002	0.312054139	0.0173868863
0.010651076600000002	0.294161083	0.0160670974
0.0109067872	0.281497286	0.015800721
0.0111624978	0.260738173	0.0158174112
0.0114182085	0.239262622	0.0159536139
0.011673919100000001	0.226604654	0.0157984143
0.011944671	0.211684896	0.0144692117
0.0122304656	0.211497343	0.0141988777
0.012516260100000003	0.200637203	0.0139603113
0.012802054	0.220129991	0.0137815867
0.0131028906	0.187669766	0.0128457674
0.013418768300000002	0.174470193	0.0128681454
0.013734646100000001	0.158414866	0.0131223884
0.0140505239	0.151906886	0.0134883078
0.014381443	0.153128968	0.0131070929
0.0147274047	0.160281985	0.0132536746
0.015073365	0.16486939	0.0133618413
0.0154193267	0.160955561	0.0134670707
0.0157803297	0.169356266	0.0130286912
0.016156375400000002	0.160039635	0.0130889833
0.0165324196	0.158202444	0.0131630389
0.0169084653	0.148350446	0.0132022179
0.017299552300000003	0.127519293	0.0127156404
0.017705680400000003	0.122356161	0.0130327985
0.0181118086	0.123327951	0.0135974641
0.0185329795	0.115223784	0.0135368639
0.0189691916	0.107755483	0.0139354801
0.019405403700000004	0.102954459	0.0145382543
0.0198566571	0.101340042	0.0156765552
0.0203229532	0.086958282	0.0171248852
0.020789249200000002	0.0756976556	0.0186481805
0.021270586600000002	0.0784311708	0.0196687652
0.021766966600000003	0.0671498801	0.0219420535
0.0222633451	0.0693267346	0.0246839724
0.0227747664	0.0513318307	0.0268095933
0.0233012304	0.0525648295	0.0309406363
0.0238427341	0.0404846991	0.0357542447
0.024399280500000002	0.0467886573	0.0414432838
0.024970869700000002	0.0517259474	0.0491778863
0.025557500100000005	0.0336191568	0.0688899289
