q[nm-1]	I(q)[sr-1]_rebin(no_smoothing,TAPBacetic38ACNphcn90C_eiger2_12450_sub.dat_00001_[sub(TAPBacetic38ACNphcn90C_eiger2_12450_ave.h5_00001_[AN_3_30_29_RXN_90C]-TAPBacetic38ACNphcn90C_eiger2_11907_av_ave.h5_00001_[AN_3_30_29_PRM_90C])],1,0.0050)	error
0.000212067761	136867.781	251.267853
0.000227109576	129804.141	161.027985
0.00024215136700000002	120190.055	129.503922
0.000257193157	113304.617	112.275925
0.000272234972	104892.422	98.8517227
0.00028727676300000003	97124.6328	88.5340042
0.000302318553	89959.3438	80.2528534
0.00031736036800000003	83579.9531	73.3955917
0.00033240215900000005	77745.0859	67.3397598
0.000347443949	71771.4453	62.1796188
0.00036248576400000005	66323.0469	57.6065903
0.00037752755500000006	60948.8945	53.2215996
0.000392569369	55732.8398	49.2281075
0.00040761116	51445.8086	45.7477684
0.000422652951	46889.6758	42.4551697
0.00043769474100000005	42745.9492	39.5465012
0.000452736579	39031.6289	36.8530617
0.00046777837000000006	35374.1992	34.2893944
0.000482820161	31958.9688	31.8080578
0.000497861952	28720.707	29.5078983
0.0005129037420000001	25946.7539	27.4685001
0.0005279455330000001	23298.5195	25.4646664
0.000542987371	20920.2734	23.6934528
0.000558029162	18784.3145	22.0235233
0.0005730709530000001	16774.7344	20.4808769
0.0005881127440000001	14885.1064	18.9609509
0.000603154534	13260.2773	17.6108532
0.000618196372	11725.1904	16.1901493
0.000633238163	10406.9668	14.6274052
0.000648279954	9243.13477	13.3785009
0.0006633217450000001	8161.25732	12.3483362
0.000678363536	7174.99512	11.4486761
0.000693405326	6253.5083	10.5702066
0.0007084471640000001	5470.98193	9.78196049
0.0007234889550000001	4775.30811	9.04591846
0.000738530746	4169.55078	8.35631371
0.0007535725370000001	3651.0249	7.75058842
0.000768614328	3173.50488	7.16316414
0.0007836561650000001	2780.83105	6.64935684
0.000798697956	2430.81738	6.1695323
0.000813739747	2136.97632	5.74259758
0.0008287815380000001	1881.8822	5.34657574
0.000843823329	1664.22754	4.99628544
0.0008588651200000001	1492.28967	4.69883966
0.0008739069100000001	1342.39624	4.42815495
0.0008889487010000001	1223.2605	4.19473028
0.0009039905850000001	1125.37	3.99832797
0.0009190323760000001	1046.82727	3.82844734
0.000934074167	988.814392	3.6880374
0.000949115958	948.790588	3.58585
0.0009641577490000001	915.054138	3.48752451
0.00097919954	894.898315	3.42025542
0.000994241331	881.896362	3.36361003
0.0010092831199999999	872.897095	3.31247568
0.0010243249100000001	878.709534	3.29748487
0.0010393667000000001	879.839844	3.2664783
0.0010544084900000002	879.680542	3.2400651
0.00106945038	878.581299	3.20957208
0.00108449217	880.196899	3.17665029
0.00109953396	889.81427	3.17289805
0.00111457575	877.806396	3.12079144
0.00112961754	881.325867	3.1067636
0.0011446593300000001	875.849976	3.07085752
0.0011597011200000001	865.407959	3.02799034
0.0011747429100000002	853.355103	2.98623037
0.00118978471	839.803101	2.94168949
0.0012048265000000002	817.765808	2.88368106
0.0012198682900000002	799.944458	2.83122182
0.00123491017	776.70752	2.77301025
0.00124995196	750.323608	2.71225858
0.00126499375	723.298706	2.64318848
0.0012800355400000001	690.639893	2.56615639
0.00129507734	657.355286	2.48958659
0.0013101191300000001	625.347778	2.41768718
0.0013251609200000002	587.594971	2.33409929
0.0013402027100000002	549.324707	2.24342752
0.0013552445	509.85199	2.15551066
0.00137028629	470.931946	2.06101871
0.00138532808	437.832489	1.97961986
0.0014003699600000001	404.506042	1.89963698
0.00141541176	370.783936	1.81399977
0.0014304535500000001	339.03891	1.72901201
0.0014454953400000001	304.92746	1.63559759
0.00146053713	274.57663	1.55266809
0.00147557892	246.756409	1.4699446
0.0014906207100000002	224.354263	1.4014715
0.0015056625000000002	198.808853	1.32195377
0.00152070429	176.974579	1.24949241
0.00153574608	158.1492	1.18224502
0.00155078787	142.505249	1.12664068
0.00156582966	128.110291	1.07313311
0.00158087146	112.74987	1.01057577
0.00159591325	101.238174	0.961341321
0.00161095504	91.7215195	0.918393075
0.0016259968300000001	86.5751648	0.893922687
0.0016410386200000002	80.8059387	0.861913562
0.0016560806	75.2612534	0.8337605
0.0016711223899999999	73.161087	0.821729183
0.0016861641800000001	70.0038528	0.801817775
0.00170120597	68.2916641	0.788567483
0.0017162477600000002	68.2697372	0.785678327
0.0017312895500000002	66.6710663	0.770843089
0.00174633134	65.4066238	0.760241449
0.0017613731300000002	66.6986465	0.761880457
0.00177641492	67.6266708	0.760726571
0.00179145671	67.5097198	0.752793014
0.00180649851	69.5964813	0.758370757
0.0018215403000000003	69.294754	0.750573933
0.00183658209	68.5795364	0.743908048
0.0018516238800000001	67.5725784	0.736283958
0.00186666567	67.4417191	0.732277215
0.0018817074600000002	67.2785492	0.73347652
0.00189674925	65.8045044	0.733904898
0.0019117910400000002	64.3154221	0.730366528
0.00192683283	64.2250214	0.729400158
0.00195691641	59.764815	0.409028601
0.00200204197	54.3382785	0.392698743
0.00204716735	47.9362882	0.371541377
0.00209229272	40.8592873	0.337414659
0.0021374180900000004	36.0042127	0.314811483
0.00218254346	31.8451843	0.294463142
0.00222766884	29.119058	0.280204135
0.00227279421	28.8958708	0.274022021
0.0023179197700000003	28.5623436	0.26759244
0.00236304514	30.4453799	0.268793199
0.00240817051	31.8416557	0.268860723
0.00245329589	33.3018036	0.268495753
0.00249842126	34.0286293	0.267070441
0.0025435466300000003	33.8537064	0.262637744
0.002588672	33.7982305	0.258245304
0.00264883935	31.5713322	0.191664405
0.0027240483100000002	27.518301	0.178405701
0.00279925726	22.4650505	0.16674613
0.00287446622	18.8545715	0.157417016
0.0029496751700000003	15.327183	0.14626934
0.00302488431	13.6126959	0.139946304
0.00310009327	12.0490751	0.133254728
0.0031753022200000005	11.1184248	0.128803847
0.0032505113600000005	10.5169163	0.125245789
0.00332572013	9.49470443	0.119725878
0.0034009292700000002	8.38338757	0.11002496
0.0034761384100000002	7.07789831	0.101889946
0.0035513471800000004	5.95831137	0.0954245433
0.0036265563200000004	5.48500404	0.0913560566
0.0037017650899999997	5.00279808	0.0877202603
0.00377697423	5.0049242	0.085910494
0.00385218337	5.13736963	0.0846719865
0.00394243412	5.18806587	0.0704499475
0.0040477264700000005	5.05663443	0.0683733271
0.00415301919	4.56983641	0.0653980775
0.00425831191	4.41169187	0.0634261401
0.00436360426	4.24183825	0.0617585975
0.00446889699	3.96776431	0.0593613695
0.00457418971	3.6956766	0.0573962867
0.00467948206	3.29816212	0.0549729888
0.004784774780000001	2.79525692	0.0521274862
0.0048900675	2.30832325	0.0496443186
0.0049953598500000005	2.01891388	0.0482944585
0.00510065258	1.81268997	0.0481679181
0.0052059453000000006	1.58357969	0.0472368609
0.00532627963	1.54154291	0.0413009154
0.00546165593	1.42770761	0.0404309046
0.005597031860000001	1.33703632	0.0391381839
0.005732408170000001	1.27054257	0.0374478848
0.005867784470000001	1.27885285	0.036561662
0.006003160400000001	1.20807465	0.0356367123
0.00613853671	1.10990451	0.0347453287
0.0062739126400000005	1.05424484	0.0339622966
0.0064092889400000005	1.00306073	0.0332044982
0.00655970722	0.99212964	0.0294607358
0.006725166740000001	0.944894173	0.0287400962
0.006890627000000001	0.973321189	0.0283178597
0.00705608651	0.975293279	0.027859846
0.0072215460200000005	0.948874549	0.0273217145
0.00738700628	0.937790633	0.0269139418
0.0075524658	0.910190864	0.0264043079
0.00771792531	0.839193561	0.0258716108
0.007898427550000002	0.792698952	0.0233521127
0.008093971010000001	0.685341931	0.0227408209
0.00828951374	0.639599837	0.0223258806
0.0084850572	0.601649266	0.0218972426
0.00868060067	0.547143698	0.021432794
0.00887614414	0.523034075	0.021061334
0.00907168761	0.481243874	0.0206906209
0.009282273050000001	0.468758799	0.0189700471
0.00950789973	0.41476601	0.0185813381
0.00973352715	0.401568141	0.0182994346
0.009959153830000001	0.366191292	0.0179741545
0.0101847805	0.326007833	0.0176817465
0.010410407900000002	0.323985326	0.0174713436
0.010651076600000002	0.295662841	0.0161297403
0.0109067872	0.280990139	0.0158616545
0.0111624978	0.262171083	0.0158810868
0.0114182085	0.240650616	0.016012055
0.011673919100000001	0.229623355	0.0158597674
0.011944671	0.21895497	0.0145350255
0.0122304656	0.208159388	0.0142481483
0.012516260100000003	0.202314636	0.0140141104
0.012802054	0.223012033	0.0138394671
0.0131028906	0.186896482	0.0128933888
0.013418768300000002	0.174644316	0.0129151601
0.013734646100000001	0.160687882	0.0131770985
0.0140505239	0.158283925	0.0135532324
0.014381443	0.161157534	0.0131717094
0.0147274047	0.15660216	0.0132988046
0.015073365	0.171411433	0.013423487
0.0154193267	0.16441533	0.0135275964
0.0157803297	0.173306174	0.0130855045
0.016156375400000002	0.163812044	0.0131441862
0.0165324196	0.162028418	0.0132177649
0.0169084653	0.147127196	0.0132510399
0.017299552300000003	0.134569549	0.0127786026
0.017705680400000003	0.127122062	0.0130941372
0.0181118086	0.117403614	0.0136410678
0.0185329795	0.115911588	0.013589924
0.0189691916	0.104674878	0.0139877238
0.019405403700000004	0.110728446	0.0146091178
0.0198566571	0.100031154	0.0157340233
0.0203229532	0.0900375036	0.017197198
0.020789249200000002	0.0794557726	0.0187293728
0.021270586600000002	0.0770143887	0.0197430539
0.021766966600000003	0.0725338589	0.0220448757
0.0222633451	0.0624090774	0.0247521559
0.0227747664	0.0545653941	0.0269223472
0.0233012304	0.0394894494	0.0310017486
0.0238427341	0.0516508196	0.0359466555
0.024399280500000002	0.0488509638	0.0416145972
0.024970869700000002	0.0527904423	0.0493950546
0.025557500100000005	0.0345698889	0.0692251089
