q[nm-1]	I(q)[sr-1]_rebin(no_smoothing,TAPBacetic38ACNphcn90C_eiger2_12275_sub.dat_00001_[sub(TAPBacetic38ACNphcn90C_eiger2_12275_ave.h5_00001_[AN_3_30_29_RXN_90C]-TAPBacetic38ACNphcn90C_eiger2_11907_av_ave.h5_00001_[AN_3_30_29_PRM_90C])],1,0.0050)	error
0.000212067761	150529.984	261.418091
0.000227109576	129454.172	159.960297
0.00024215136700000002	116087.789	127.044533
0.000257193157	107188.773	108.712891
0.000272234972	100250.398	96.2560196
0.00028727676300000003	93080.1328	86.3062592
0.000302318553	86721.7578	78.5243759
0.00031736036800000003	80491.0859	71.809288
0.00033240215900000005	74414.6953	65.6444931
0.000347443949	69000.5156	60.7532539
0.00036248576400000005	63638.8945	56.2010307
0.00037752755500000006	58520.9336	51.9221764
0.000392569369	53898.2148	48.2463989
0.00040761116	49428.1797	44.6692314
0.000422652951	45094.4141	41.4859276
0.00043769474100000005	41174.9688	38.6725273
0.000452736579	37420.832	35.9458542
0.00046777837000000006	33915.4805	33.4386864
0.000482820161	30750.0098	31.0660915
0.000497861952	27812.9355	28.9346657
0.0005129037420000001	25102.0625	26.9080143
0.0005279455330000001	22522.8457	24.9354515
0.000542987371	20243.8281	23.2141609
0.000558029162	18133.6953	21.5396423
0.0005730709530000001	16219.1875	20.0577984
0.0005881127440000001	14471.7715	18.6343765
0.000603154534	12838.6211	17.2466526
0.000618196372	11371.6436	15.8806314
0.000633238163	10069.2715	14.3367414
0.000648279954	8924.00684	13.0979271
0.0006633217450000001	7887.40527	12.088563
0.000678363536	6912.24658	11.1849489
0.000693405326	6042.97754	10.3575211
0.0007084471640000001	5271.73975	9.56589508
0.0007234889550000001	4600.31738	8.84733677
0.000738530746	3987.57007	8.14265537
0.0007535725370000001	3432.36401	7.48411417
0.000768614328	2977.28491	6.9239583
0.0007836561650000001	2571.20215	6.38116646
0.000798697956	2213.4375	5.87992239
0.000813739747	1909.96851	5.42357016
0.0008287815380000001	1648.48547	5.00544453
0.000843823329	1438.58276	4.65712166
0.0008588651200000001	1262.72266	4.3321352
0.0008739069100000001	1111.90588	4.04820776
0.0008889487010000001	982.859558	3.78084922
0.0009039905850000001	888.803955	3.57941985
0.0009190323760000001	806.523865	3.39364719
0.000934074167	747.926636	3.24440646
0.000949115958	708.271118	3.13911414
0.0009641577490000001	676.116394	3.03827167
0.00097919954	655.484619	2.96184206
0.000994241331	651.627075	2.92688012
0.0010092831199999999	643.720459	2.87724471
0.0010243249100000001	649.399841	2.86522102
0.0010393667000000001	660.12146	2.8594594
0.0010544084900000002	663.466614	2.83549333
0.00106945038	678.333679	2.83698297
0.00108449217	689.507935	2.8295176
0.00109953396	703.881836	2.83671784
0.00111457575	713.556641	2.8256526
0.00112961754	724.561401	2.82297301
0.0011446593300000001	731.341003	2.81079841
0.0011597011200000001	735.734009	2.79831457
0.0011747429100000002	736.272827	2.77999353
0.00118978471	734.020386	2.75383615
0.0012048265000000002	723.704346	2.71307993
0.0012198682900000002	720.707642	2.68622947
0.00123491017	709.63147	2.64739609
0.00124995196	692.685486	2.59905767
0.00126499375	672.042603	2.54059267
0.0012800355400000001	652.917542	2.49153256
0.00129507734	633.218018	2.43866038
0.0013101191300000001	610.670654	2.38135052
0.0013251609200000002	577.689331	2.30410004
0.0013402027100000002	548.025391	2.23036122
0.0013552445	519.43396	2.16385651
0.00137028629	487.738312	2.08648157
0.00138532808	459.241943	2.01451492
0.0014003699600000001	429.763702	1.94308043
0.00141541176	397.657959	1.86418366
0.0014304535500000001	366.732178	1.78375161
0.0014454953400000001	337.69281	1.7048912
0.00146053713	312.023773	1.63845205
0.00147557892	284.135345	1.55937541
0.0014906207100000002	260.256531	1.48939991
0.0015056625000000002	234.682434	1.41469526
0.00152070429	214.980591	1.35372305
0.00153574608	193.516281	1.28375793
0.00155078787	174.807587	1.22212827
0.00156582966	160.542236	1.17134666
0.00158087146	143.911621	1.10869801
0.00159591325	132.274109	1.06532681
0.00161095504	121.357986	1.02201331
0.0016259968300000001	110.805397	0.978647053
0.0016410386200000002	104.502136	0.94928503
0.0016560806	96.653923	0.913288772
0.0016711223899999999	91.1762772	0.887274742
0.0016861641800000001	86.9353409	0.865431011
0.00170120597	83.8369522	0.849296272
0.0017162477600000002	81.1960831	0.831779003
0.0017312895500000002	80.5536194	0.82391721
0.00174633134	79.6196976	0.817458332
0.0017613731300000002	77.5271606	0.798599005
0.00177641492	79.5975494	0.805589676
0.00179145671	78.9556274	0.79677397
0.00180649851	79.528244	0.795179307
0.0018215403000000003	78.987854	0.786700964
0.00183658209	79.5170822	0.784621716
0.0018516238800000001	79.1730423	0.778714061
0.00186666567	78.3168488	0.772109568
0.0018817074600000002	76.4760971	0.766839266
0.00189674925	75.4656219	0.76973623
0.0019117910400000002	75.6762085	0.775417447
0.00192683283	75.7595139	0.773231924
0.00195691641	73.888237	0.442837101
0.00200204197	67.1188431	0.424218724
0.00204716735	58.5458781	0.398949987
0.00209229272	50.3054021	0.362727781
0.0021374180900000004	41.9979477	0.330653063
0.00218254346	34.2540347	0.300579692
0.00222766884	28.4576963	0.276948116
0.00227279421	23.5238946	0.255259542
0.0023179197700000003	21.0210692	0.241108653
0.00236304514	19.2812863	0.230873008
0.00240817051	18.4797293	0.223210654
0.00245329589	19.1997859	0.222239354
0.00249842126	19.7625389	0.220183636
0.0025435466300000003	19.8746681	0.217222781
0.002588672	20.1204738	0.213769958
0.00264883935	19.9282608	0.162409985
0.0027240483100000002	19.136412	0.156448762
0.00279925726	16.9749268	0.151164527
0.00287446622	15.2025877	0.146016192
0.0029496751700000003	14.4550989	0.143047339
0.00302488431	13.7680979	0.139571154
0.00310009327	13.9836466	0.138756922
0.0031753022200000005	14.1321856	0.13791203
0.0032505113600000005	14.2022631	0.136735545
0.00332572013	13.8725092	0.1336768
0.0034009292700000002	12.5761147	0.123358295
0.0034761384100000002	10.7850735	0.113939078
0.0035513471800000004	9.28334961	0.106369379
0.0036265563200000004	7.69003506	0.0987707491
0.0037017650899999997	6.32084627	0.0920251752
0.00377697423	5.54275904	0.0875293553
0.00385218337	4.95233784	0.0835402101
0.00394243412	4.6439117	0.0683137854
0.0040477264700000005	4.104346	0.0650148024
0.00415301919	3.50375162	0.0615534599
0.00425831191	3.22585756	0.0592237514
0.00436360426	2.87549288	0.0567414603
0.00446889699	2.83842724	0.0552928301
0.00457418971	2.8412136	0.0542523698
0.00467948206	2.88037286	0.0531904866
0.004784774780000001	2.75463316	0.0516881537
0.0048900675	2.60722034	0.0503943636
0.0049953598500000005	2.34908737	0.0491091727
0.00510065258	2.17081693	0.0491463725
0.0052059453000000006	2.08040523	0.0487500895
0.00532627963	1.94868585	0.0424043791
0.00546165593	1.72998636	0.0411829285
0.005597031860000001	1.41649734	0.0392027029
0.005732408170000001	1.23678297	0.0370941651
0.005867784470000001	1.05267272	0.0355498723
0.006003160400000001	0.999197954	0.0347522617
0.00613853671	0.965633644	0.0340349758
0.0062739126400000005	0.948709157	0.0333754931
0.0064092889400000005	0.90379005	0.0326172761
0.00655970722	0.882990891	0.0289112216
0.006725166740000001	0.959666464	0.0285864932
0.006890627000000001	1.0086104	0.0282255224
0.00705608651	1.00529935	0.0277233086
0.0072215460200000005	0.986525725	0.027247374
0.00738700628	0.965033634	0.0267909538
0.0075524658	0.896790765	0.0261996452
0.00771792531	0.824317455	0.0256353296
0.007898427550000002	0.735121956	0.0230321386
0.008093971010000001	0.682804713	0.0225753683
0.00828951374	0.637144483	0.0221500281
0.0084850572	0.593352914	0.0217181435
0.00868060067	0.538359339	0.021256486
0.00887614414	0.517918224	0.0208941492
0.00907168761	0.491955826	0.0205610774
0.009282273050000001	0.435260047	0.0187486187
0.00950789973	0.418767488	0.018451606
0.00973352715	0.389671487	0.0181308868
0.009959153830000001	0.363465945	0.0178379829
0.0101847805	0.319700164	0.0175337288
0.010410407900000002	0.319727075	0.0173302141
0.010651076600000002	0.290686744	0.0159968183
0.0109067872	0.279031528	0.0157376561
0.0111624978	0.257092692	0.0157441
0.0114182085	0.245002247	0.0159039405
0.011673919100000001	0.230879666	0.0157465318
0.011944671	0.221772767	0.0144328038
0.0122304656	0.211250115	0.0141412212
0.012516260100000003	0.206569281	0.013916991
0.012802054	0.222243951	0.0137318431
0.0131028906	0.188479079	0.0127970279
0.013418768300000002	0.168348396	0.0128067275
0.013734646100000001	0.159974701	0.013074273
0.0140505239	0.157395423	0.0134506595
0.014381443	0.154605466	0.0130575134
0.0147274047	0.161859237	0.0132048814
0.015073365	0.156224661	0.0132951801
0.0154193267	0.169722785	0.0134292975
0.0157803297	0.172561824	0.0129812381
0.016156375400000002	0.166744671	0.0130461475
0.0165324196	0.151938607	0.0130980267
0.0169084653	0.147030528	0.0131466562
0.017299552300000003	0.126665024	0.0126648536
0.017705680400000003	0.12254466	0.0129820211
0.0181118086	0.120349086	0.0135397254
0.0185329795	0.105900657	0.0134666955
0.0189691916	0.108516748	0.0138841182
0.019405403700000004	0.105106495	0.0144867865
0.0198566571	0.102255308	0.0156158186
0.0203229532	0.0866582962	0.0170554157
0.020789249200000002	0.0872361422	0.018601745
0.021270586600000002	0.0730791032	0.0195764919
0.021766966600000003	0.0723258579	0.0218746603
0.0222633451	0.0647197394	0.0245661626
0.0227747664	0.0634184828	0.0267450744
0.0233012304	0.0572911677	0.03083266
0.0238427341	0.0616162942	0.0357062666
0.024399280500000002	0.0634860635	0.0413733699
0.024970869700000002	0.0390364429	0.0488820161
0.025557500100000005	0.0603419358	0.0688999506
