q[nm-1]	I(q)[sr-1]_rebin(no_smoothing,TAPBacetic38ACNphcn90C_eiger2_12404_sub.dat_00001_[sub(TAPBacetic38ACNphcn90C_eiger2_12404_ave.h5_00001_[AN_3_30_29_RXN_90C]-TAPBacetic38ACNphcn90C_eiger2_11907_av_ave.h5_00001_[AN_3_30_29_PRM_90C])],1,0.0050)	error
0.000212067761	149867.109	261.49881
0.000227109576	133455.938	162.959152
0.00024215136700000002	121712.086	130.415649
0.000257193157	111661.875	111.173637
0.000272234972	103008.648	97.8136902
0.00028727676300000003	95589.5859	87.7526474
0.000302318553	89140.1406	79.8507996
0.00031736036800000003	82826.75	73.0153732
0.00033240215900000005	76714.9141	66.8184357
0.000347443949	70663.5234	61.5893364
0.00036248576400000005	65568.5	57.1789856
0.00037752755500000006	60651.4258	53.0232315
0.000392569369	55317.2852	49.0025673
0.00040761116	50400.3672	45.1815567
0.000422652951	46408.4727	42.2012329
0.00043769474100000005	42282.9727	39.2834167
0.000452736579	38395.25	36.5052605
0.00046777837000000006	34733.0234	33.9242287
0.000482820161	31474.9707	31.5083313
0.000497861952	28500.3887	29.3588676
0.0005129037420000001	25737.7227	27.3123264
0.0005279455330000001	23150.5664	25.3486862
0.000542987371	20722.8965	23.549633
0.000558029162	18519.2168	21.8328915
0.0005730709530000001	16578.8477	20.3379211
0.0005881127440000001	14805.3291	18.8967113
0.000603154534	13164.5811	17.5061512
0.000618196372	11707.5811	16.1543064
0.000633238163	10398.459	14.6074457
0.000648279954	9201.72266	13.328907
0.0006633217450000001	8141.10889	12.3167496
0.000678363536	7149.14209	11.4094038
0.000693405326	6280.85254	10.5877075
0.0007084471640000001	5501.64941	9.78670979
0.0007234889550000001	4833.11377	9.08069134
0.000738530746	4230.79492	8.40827942
0.0007535725370000001	3681.3064	7.76059294
0.000768614328	3225.95312	7.2022047
0.0007836561650000001	2823.24512	6.6868124
0.000798697956	2462.09521	6.19887257
0.000813739747	2168.59302	5.77177334
0.0008287815380000001	1915.40186	5.38133621
0.000843823329	1691.1582	5.02810669
0.0008588651200000001	1508.59204	4.71324253
0.0008739069100000001	1361.52478	4.44968939
0.0008889487010000001	1246.68396	4.22760153
0.0009039905850000001	1144.37329	4.01706505
0.0009190323760000001	1070.82373	3.8622756
0.000934074167	1010.67206	3.72024465
0.000949115958	960.90802	3.59931374
0.0009641577490000001	926.59729	3.50095797
0.00097919954	907.68811	3.43818355
0.000994241331	889.785828	3.37153411
0.0010092831199999999	884.464722	3.32965946
0.0010243249100000001	880.372131	3.29445386
0.0010393667000000001	877.247681	3.2583468
0.0010544084900000002	881.296997	3.23629308
0.00106945038	893.958801	3.23064685
0.00108449217	891.720032	3.19335246
0.00109953396	889.961609	3.16539979
0.00111457575	887.668457	3.13285565
0.00112961754	889.333313	3.11429262
0.0011446593300000001	877.854797	3.06857634
0.0011597011200000001	870.223694	3.0314188
0.0011747429100000002	864.704102	3.00571537
0.00118978471	849.682129	2.95306182
0.0012048265000000002	835.856201	2.90847874
0.0012198682900000002	812.453369	2.85002875
0.00123491017	793.308289	2.79893279
0.00124995196	768.291443	2.73786783
0.00126499375	734.675842	2.65911412
0.0012800355400000001	705.686401	2.59009266
0.00129507734	673.917114	2.51620984
0.0013101191300000001	638.297607	2.43506932
0.0013251609200000002	601.750244	2.35575175
0.0013402027100000002	565.212952	2.27056479
0.0013552445	526.783264	2.18494439
0.00137028629	490.23111	2.09694076
0.00138532808	458.931763	2.02299762
0.0014003699600000001	418.580292	1.92430246
0.00141541176	384.748718	1.84141469
0.0014304535500000001	350.068542	1.75098026
0.0014454953400000001	318.089325	1.66507196
0.00146053713	286.445557	1.57797432
0.00147557892	261.175598	1.50884235
0.0014906207100000002	230.65683	1.4138329
0.0015056625000000002	205.830292	1.33872855
0.00152070429	187.047165	1.27888834
0.00153574608	167.235382	1.20972657
0.00155078787	150.789307	1.15255702
0.00156582966	135.276581	1.09294415
0.00158087146	122.045341	1.04173517
0.00159591325	109.384827	0.990716398
0.00161095504	97.7180634	0.940837204
0.0016259968300000001	90.4526138	0.907815635
0.0016410386200000002	83.2516174	0.868534982
0.0016560806	79.3944168	0.849942982
0.0016711223899999999	75.36763	0.828075469
0.0016861641800000001	70.8677673	0.803071797
0.00170120597	69.4902267	0.793505013
0.0017162477600000002	66.9243469	0.777547717
0.0017312895500000002	65.8564606	0.764709294
0.00174633134	68.3391571	0.773259282
0.0017613731300000002	67.2222595	0.763606369
0.00177641492	66.1549606	0.753316104
0.00179145671	66.7900162	0.749903262
0.00180649851	66.64888	0.743917406
0.0018215403000000003	67.181488	0.74291116
0.00183658209	67.3396683	0.737181544
0.0018516238800000001	67.2660217	0.73394233
0.00186666567	65.8401947	0.724559307
0.0018817074600000002	65.6352692	0.724738657
0.00189674925	67.0561523	0.73899281
0.0019117910400000002	66.6458435	0.740052223
0.00192683283	65.1784515	0.733125746
0.00195691641	61.2108879	0.412760781
0.00200204197	54.1727867	0.391922568
0.00204716735	47.7112313	0.370070002
0.00209229272	41.4545746	0.33925926
0.0021374180900000004	36.3384654	0.315103429
0.00218254346	31.4473343	0.293327074
0.00222766884	29.4403661	0.280899951
0.00227279421	28.8047886	0.273707613
0.0023179197700000003	29.4258944	0.269775582
0.00236304514	30.3714053	0.268006311
0.00240817051	31.3435033	0.266663967
0.00245329589	32.9680939	0.26746956
0.00249842126	34.2427152	0.266954706
0.0025435466300000003	33.9970258	0.262113135
0.002588672	34.1343727	0.258716065
0.00264883935	31.7138023	0.19172853
0.0027240483100000002	28.0787548	0.1792555
0.00279925726	23.4857903	0.169102086
0.00287446622	19.602237	0.158950929
0.0029496751700000003	15.9002703	0.147655074
0.00302488431	13.8795782	0.14038108
0.00310009327	12.6710653	0.134898418
0.0031753022200000005	12.109301	0.131740263
0.0032505113600000005	11.3615837	0.127900831
0.00332572013	9.91607857	0.121025555
0.0034009292700000002	8.57037906	0.110495022
0.0034761384100000002	7.27415781	0.102325544
0.0035513471800000004	6.08701906	0.0954614336
0.0036265563200000004	5.67358951	0.0919118148
0.0037017650899999997	5.273388	0.0884905537
0.00377697423	5.16981163	0.0863966911
0.00385218337	5.17264376	0.0848042623
0.00394243412	5.18465894	0.0702868062
0.0040477264700000005	4.97803511	0.0680675437
0.00415301919	4.77007321	0.0659114749
0.00425831191	4.52027661	0.0636472985
0.00436360426	4.27542973	0.0617380954
0.00446889699	4.02093945	0.0594347143
0.00457418971	3.73752042	0.0573858357
0.00467948206	3.39601162	0.0551690351
0.004784774780000001	2.9088036	0.0524582751
0.0048900675	2.44738889	0.049978487
0.0049953598500000005	2.08354647	0.0483860964
0.00510065258	1.86471893	0.0482283076
0.0052059453000000006	1.72393402	0.0476669629
0.00532627963	1.54188928	0.0412292791
0.00546165593	1.42788512	0.0403289083
0.005597031860000001	1.31987964	0.0389801691
0.005732408170000001	1.30999389	0.0374794505
0.005867784470000001	1.24915988	0.0363633378
0.006003160400000001	1.1921128	0.03553122
0.00613853671	1.10189003	0.0346714249
0.0062739126400000005	1.06569247	0.0338707088
0.0064092889400000005	1.03768418	0.033211794
0.00655970722	1.03009645	0.0294697179
0.006725166740000001	0.999245637	0.0288358161
0.006890627000000001	0.997365258	0.0283215189
0.00705608651	0.970956521	0.0277699855
0.0072215460200000005	0.957452443	0.0272818036
0.00738700628	0.975388565	0.0269198262
0.0075524658	0.929446459	0.026409969
0.00771792531	0.867509658	0.0258869257
0.007898427550000002	0.77637075	0.0232505885
0.008093971010000001	0.714629632	0.0227692653
0.00828951374	0.642133827	0.0222702029
0.0084850572	0.611340473	0.021866223
0.00868060067	0.561268852	0.0214151193
0.00887614414	0.529617782	0.0210297305
0.00907168761	0.506063033	0.0206920478
0.009282273050000001	0.452936763	0.0188943716
0.00950789973	0.417702115	0.0185463562
0.00973352715	0.393110542	0.0182320361
0.009959153830000001	0.358245476	0.0179175869
0.0101847805	0.353687423	0.0176991745
0.010410407900000002	0.323653511	0.0174240741
0.010651076600000002	0.292032214	0.0160818609
0.0109067872	0.27979688	0.0158221482
0.0111624978	0.259506792	0.0158287437
0.0114182085	0.232134744	0.0159534677
0.011673919100000001	0.231657352	0.0158324267
0.011944671	0.212610035	0.0144875506
0.0122304656	0.207273866	0.0142121201
0.012516260100000003	0.195321408	0.013966547
0.012802054	0.217046148	0.0137946236
0.0131028906	0.192428776	0.0128717137
0.013418768300000002	0.174318371	0.0128822677
0.013734646100000001	0.166981283	0.0131537613
0.0140505239	0.161457722	0.0135257101
0.014381443	0.158070653	0.0131318401
0.0147274047	0.158384295	0.0132663294
0.015073365	0.166765961	0.0133819245
0.0154193267	0.164577842	0.0134919424
0.0157803297	0.167815622	0.0130434232
0.016156375400000002	0.166590253	0.0131180872
0.0165324196	0.162709464	0.0131844732
0.0169084653	0.146105579	0.0132157662
0.017299552300000003	0.134466616	0.0127450734
0.017705680400000003	0.12710877	0.0130595532
0.0181118086	0.126587252	0.0136183934
0.0185329795	0.114357407	0.0135527811
0.0189691916	0.114369751	0.0139709233
0.019405403700000004	0.110677317	0.0145738743
0.0198566571	0.105649764	0.0157066219
0.0203229532	0.0830023683	0.0171347966
0.020789249200000002	0.0781243185	0.0186780898
0.021270586600000002	0.0792537107	0.0196962322
0.021766966600000003	0.0712994581	0.0219887035
0.0222633451	0.0693610574	0.0247117841
0.0227747664	0.0566599926	0.0268632825
0.0233012304	0.0524180327	0.0309778931
0.0238427341	0.0441986929	0.0358124996
0.024399280500000002	0.0491108575	0.0415214817
0.024970869700000002	0.0372963114	0.0491295746
0.025557500100000005	0.0376561148	0.0690504985
